#import "@preview/lilaq:0.5.0" as lq
#figure(
	caption: [GIVE ME A CAPTION],
	lq.diagram(
		legend: none,
		width: 100%,
		xlim: (auto, auto),
		xlabel: [Episodes],

		ylim: (auto, auto),
		ylabel: [Flops],

		lq.plot(
			label: [Exp100],
			every: none,
			color: luma(0),
			/* X */
			(
				126.09803921568627,
				128.59615384615384,
				131.0943396226415,
				133.55555555555554,
				136.0,
				138.42857142857142,
				140.80701754385964,
				143.43103448275863,
				146.05084745762713,
				148.6,
				151.14754098360655,
				153.67741935483872,
				156.14285714285714,
				158.5625,
				161.03076923076924,
				163.43939393939394,
				165.86567164179104,
				168.23529411764707,
				170.55072463768116,
				172.84285714285716,
				175.19718309859155,
				177.59722222222223,
				180.15068493150685,
				182.6891891891892,
				185.24,
				187.77631578947367,
				190.27272727272728,
				192.85897435897436,
				195.39240506329114,
				198.0625,
				200.82716049382717,
				203.53658536585365,
				206.20481927710844,
				208.88095238095238,
				211.6,
				214.27906976744185,
				216.90804597701148,
				219.51136363636363,
				222.12359550561797,
				224.77777777777777,
				227.4065934065934,
				229.9891304347826,
				232.61290322580646,
				235.19148936170214,
				237.8736842105263,
				240.52083333333334,
				243.1340206185567,
				245.83673469387756,
				248.53535353535352,
				251.2,
				253.84158415841586,
				258.990099009901,
				264.0990099009901,
				269.1980198019802,
				274.26732673267327,
				279.23762376237624,
				284.23762376237624,
				289.3168316831683,
				294.4059405940594,
				299.51485148514854,
				304.6237623762376,
				309.76237623762376,
				314.8910891089109,
				319.980198019802,
				325.029702970297,
				330.0792079207921,
				335.13861386138615,
				340.2079207920792,
				345.23762376237624,
				350.23762376237624,
				355.1782178217822,
				360.1287128712871,
				365.1089108910891,
				370.0990099009901,
				375.0693069306931,
				380.03960396039605,
				384.9504950495049,
				389.94059405940595,
				394.91089108910893,
				399.8712871287129,
				404.84158415841586,
				409.74257425742576,
				414.6039603960396,
				419.44554455445547,
				424.2178217821782,
				429.009900990099,
				433.7524752475247,
				438.53465346534654,
				443.2970297029703,
				448.0792079207921,
				452.8811881188119,
				457.65346534653463,
				462.36633663366337,
				467.009900990099,
				471.6732673267327,
				476.33663366336634,
				480.990099009901,
				485.54455445544556,
				490.08910891089107,
				494.5940594059406,
				499.13861386138615,
				503.5940594059406,
				508.029702970297,
				512.4455445544554,
				516.8514851485148,
				521.2376237623762,
				525.6237623762377,
				530.0297029702971,
				534.2772277227723,
				538.4851485148515,
				542.6930693069307,
				546.9207920792079,
				551.1683168316831,
				555.4257425742575,
				559.6732673267327,
				563.8811881188119,
				568.1188118811881,
				572.3267326732673,
				576.5346534653465,
				580.7425742574258,
				584.940594059406,
				589.0693069306931,
				593.2079207920792,
				597.1980198019802,
				601.1782178217821,
				605.1089108910891,
				609.009900990099,
				612.9108910891089,
				616.7029702970297,
				620.5445544554456,
				624.2673267326733,
				627.8712871287129,
				631.4851485148515,
				635.0990099009902,
				638.6831683168317,
				642.1881188118812,
				645.6831683168317,
				649.1782178217821,
				652.6732673267327,
				656.1485148514852,
				659.5841584158416,
				663.0,
				666.4158415841584,
				669.8019801980198,
				673.2376237623762,
				676.5643564356436,
				679.9009900990098,
				683.2574257425742,
				686.5148514851485,
				689.7425742574258,
				693.0,
				696.2574257425742,
				699.6435643564356,
				702.990099009901,
				706.3267326732673,
				709.6732673267327,
				712.980198019802,
				716.2772277227723,
				719.4950495049505,
				722.7722772277227,
				726.0693069306931,
				729.3465346534654,
				732.6534653465346,
				735.960396039604,
				739.2277227722773,
				742.4851485148515,
				745.7821782178218,
				749.0792079207921,
				752.3861386138614,
				755.6930693069307,
				758.9702970297029,
				762.3168316831683,
				765.5841584158416,
				768.8217821782179,
				772.1089108910891,
				775.3762376237623,
				778.6831683168317,
				781.990099009901,
				785.1881188118812,
				788.3267326732673,
				791.4851485148515,
				794.6336633663366,
				797.8118811881188,
				801.0297029702971,
				804.2475247524752,
				807.4851485148515,
				810.7029702970297,
				813.8910891089109,
				817.039603960396,
				820.1980198019802,
				823.3267326732673,
				826.4554455445544,
				829.5841584158416,
				832.7722772277227,
				835.990099009901,
				839.1980198019802,
				842.4158415841584,
				845.6138613861386,
				848.8712871287129,
				852.0891089108911,
				855.3069306930693,
				858.4851485148515,
				861.7128712871287,
				864.9207920792079,
				868.1386138613861,
				871.3465346534654,
				874.5643564356436,
				877.7623762376238,
				880.990099009901,
				884.2970297029703,
				887.6138613861386,
				890.980198019802,
				894.2871287128713,
				897.5544554455446,
				900.8217821782179,
				904.1188118811881,
				907.4158415841584,
				910.6930693069307,
				913.990099009901,
				917.2871287128713,
				920.5841584158416,
				923.940594059406,
				927.3366336633663,
				930.6831683168317,
				934.0297029702971,
				937.3564356435644,
				940.7623762376238,
				944.1782178217821,
				947.6039603960396,
				951.0792079207921,
				954.5049504950495,
				957.960396039604,
				961.4257425742575,
				965.0693069306931,
				968.7029702970297,
				972.3465346534654,
				975.990099009901,
				979.6336633663366,
				983.4455445544554,
				987.2574257425742,
				991.049504950495,
				994.8613861386139,
				998.6732673267327,
				1002.5346534653465,
				1006.3564356435644,
				1010.1683168316831,
				1013.960396039604,
				1017.7425742574258,
				1021.5247524752475,
				1025.3663366336634,
				1029.2673267326732,
				1033.1287128712872,
				1036.970297029703,
				1040.6237623762377,
				1044.2871287128712,
				1047.990099009901,
				1051.6831683168316,
				1055.4158415841584,
				1059.1287128712872,
				1062.8415841584158,
				1066.4851485148515,
				1070.09900990099,
				1073.6930693069307,
				1077.2475247524753,
				1080.8712871287128,
				1084.5544554455446,
				1088.2871287128712,
				1092.009900990099,
				1095.7227722772277,
				1099.4158415841584,
				1103.1089108910892,
				1106.8415841584158,
				1110.5247524752476,
				1114.2673267326732,
				1118.0,
				1121.6930693069307,
				1125.3663366336634,
				1128.980198019802,
				1132.6336633663366,
				1136.2970297029703,
				1139.980198019802,
				1143.6633663366338,
				1147.3465346534654,
				1151.009900990099,
				1154.6336633663366,
				1158.3069306930693,
				1162.0594059405942,
				1165.9108910891089,
				1169.7920792079208,
				1173.7524752475247,
				1177.7227722772277,
				1181.6930693069307,
				1185.6633663366338,
				1189.6336633663366,
				1193.5445544554455,
				1197.4257425742574,
				1201.3168316831684,
				1205.3564356435643,
				1209.3960396039604,
				1213.3762376237623,
				1217.3960396039604,
				1221.4356435643565,
				1225.4851485148515,
				1229.4653465346535,
				1233.4356435643565,
				1237.4059405940593,
				1241.3762376237623,
				1245.3465346534654,
				1249.3366336633662,
				1253.2772277227723,
				1257.2475247524753,
				1261.2871287128712,
				1265.2772277227723,
				1269.3663366336634,
				1273.5148514851485,
				1277.6534653465346,
				1281.7821782178219,
				1285.8910891089108,
				1289.990099009901,
				1294.118811881188,
				1298.2475247524753,
				1302.3762376237623,
				1306.4653465346535,
				1310.5148514851485,
				1314.5445544554455,
				1318.6435643564357,
				1322.7821782178219,
				1326.8415841584158,
				1330.9108910891089,
				1335.019801980198,
				1339.1881188118812,
				1343.3960396039604,
				1347.5445544554455,
				1351.6930693069307,
				1355.6534653465346,
				1359.6633663366338,
				1363.7029702970297,
				1367.7425742574258,
				1371.8613861386139,
				1375.8415841584158,
				1379.8118811881188,
				1383.8019801980197,
				1387.8118811881188,
				1391.881188118812,
				1395.90099009901,
				1399.950495049505,
				1404.029702970297,
				1408.1089108910892,
				1412.2376237623762,
				1416.3366336633662,
				1420.3762376237623,
				1424.3861386138615,
				1428.4158415841584,
				1432.4554455445545,
				1436.5049504950496,
				1440.5544554455446,
				1444.5940594059407,
				1448.6831683168316,
				1452.7920792079208,
				1456.90099009901,
				1461.009900990099,
				1465.1386138613861,
				1469.2475247524753,
				1473.3960396039604,
				1477.5247524752476,
				1481.6534653465346,
				1485.7425742574258,
				1489.7821782178219,
				1493.7920792079208,
				1497.8019801980197,
				1501.8217821782177,
				1505.8613861386139,
				1509.9108910891089,
				1513.9405940594058,
				1517.970297029703,
				1521.990099009901,
				1525.990099009901,
				1530.069306930693,
				1534.1584158415842,
				1538.2079207920792,
				1542.2475247524753,
				1546.2772277227723,
				1550.3267326732673,
				1554.3762376237623,
				1558.4257425742574,
				1562.4752475247524,
				1566.4752475247524,
				1570.4059405940593,
				1574.3663366336634,
				1578.3762376237623,
				1582.3564356435643,
				1586.3564356435643,
				1590.3564356435643,
				1594.4158415841584,
				1598.5346534653465,
				1602.7128712871288,
				1606.8910891089108,
				1611.069306930693,
				1615.148514851485,
				1619.2376237623762,
				1623.3564356435643,
				1627.5247524752476,
				1631.6732673267327,
				1635.8118811881188,
				1639.990099009901,
				1644.1980198019803,
				1648.4950495049504,
				1652.8019801980197,
				1657.0891089108911,
				1661.3960396039604,
				1665.6930693069307,
				1669.8613861386139,
				1673.960396039604,
				1678.069306930693,
				1682.1881188118812,
				1686.3168316831684,
				1690.4752475247524,
				1694.6534653465346,
				1698.8712871287128,
				1703.1386138613861,
				1707.3366336633662,
				1711.5841584158416,
				1715.8613861386139,
				1720.118811881188,
				1724.3762376237623,
				1728.6732673267327,
				1732.920792079208,
				1737.1386138613861,
				1741.3762376237623,
				1745.6138613861385,
				1749.8118811881188,
				1753.9108910891089,
				1758.029702970297,
				1762.1584158415842,
				1766.3861386138615,
				1770.6138613861385,
				1774.7920792079208,
				1779.039603960396,
				1783.3168316831684,
				1787.5445544554455,
				1791.7722772277227,
				1795.990099009901,
				1800.1980198019803,
				1804.3366336633662,
				1808.4257425742574,
				1812.5841584158416,
				1816.7128712871288,
				1820.7920792079208,
				1824.881188118812,
				1828.930693069307,
				1832.990099009901,
				1837.039603960396,
				1841.069306930693,
				1845.079207920792,
				1849.2178217821781,
				1853.3960396039604,
				1857.5940594059407,
				1861.7623762376238,
				1865.8613861386139,
				1869.90099009901,
				1873.930693069307,
				1877.960396039604,
				1881.980198019802,
				1886.029702970297,
				1890.0594059405942,
				1894.1287128712872,
				1898.1386138613861,
				1902.1881188118812,
				1906.2475247524753,
				1910.3069306930693,
				1914.3861386138615,
				1918.4653465346535,
				1922.5544554455446,
				1926.6039603960396,
				1930.6633663366338,
				1934.6732673267327,
				1938.6831683168316,
				1942.7821782178219,
				1946.8019801980197,
				1950.8217821782177,
				1954.851485148515,
				1958.90099009901,
				1962.9405940594058,
				1966.960396039604,
				1970.980198019802,
				1975.0,
				1979.0594059405942,
				1983.118811881188,
				1987.1980198019803,
				1991.148514851485,
				1995.049504950495,
				1998.9108910891089,
				2002.7227722772277,
				2006.5643564356435,
				2010.4158415841584,
				2014.2178217821781,
				2017.960396039604,
				2021.7029702970297,
				2025.4554455445545,
				2029.1683168316831,
				2032.9405940594058,
				2036.7128712871288,
				2040.4158415841584,
				2044.2178217821781,
				2048.029702970297,
				2051.8118811881186,
				2055.5841584158416,
				2059.2475247524753,
				2062.90099009901,
				2066.5643564356437,
				2070.1881188118814,
				2073.8118811881186,
				2077.4455445544554,
				2081.079207920792,
				2084.70297029703,
				2088.2475247524753,
				2091.7128712871286,
				2095.158415841584,
				2098.5841584158416,
				2102.0,
				2105.4752475247524,
				2108.980198019802,
				2112.4554455445545,
				2115.990099009901,
				2119.5643564356437,
				2123.128712871287,
				2126.6534653465346,
				2130.1782178217823,
				2133.7128712871286,
				2137.227722772277,
				2140.7227722772277,
				2144.2871287128714,
				2147.841584158416,
				2151.3366336633662,
				2154.831683168317,
				2158.3267326732675,
				2161.8217821782177,
				2165.3168316831684,
				2168.6831683168316,
				2172.089108910891,
				2175.5445544554455,
				2179.009900990099,
				2182.5445544554455,
				2186.059405940594,
				2189.5841584158416,
				2193.19801980198,
				2196.762376237624,
				2200.3366336633662,
				2203.891089108911,
				2207.4257425742576,
				2210.9504950495048,
				2214.5346534653463,
				2218.108910891089,
				2221.6732673267325,
				2225.2475247524753,
				2228.772277227723,
				2232.3069306930693,
				2235.80198019802,
				2239.3366336633662,
				2242.920792079208,
				2246.5643564356437,
				2250.2574257425745,
				2253.940594059406,
				2257.6138613861385,
				2261.2574257425745,
				2264.8811881188117,
				2268.5049504950493,
				2272.29702970297,
				2276.039603960396,
				2279.80198019802,
				2283.5643564356437,
				2287.3960396039606,
				2291.227722772277,
				2295.0495049504952,
				2298.8514851485147,
				2302.6435643564355,
				2306.5148514851485,
				2310.3861386138615,
				2314.1881188118814,
				2318.0,
				2321.8118811881186,
				2325.6138613861385,
				2329.4158415841584,
				2333.227722772277,
				2337.029702970297,
				2340.841584158416,
				2344.7227722772277,
				2348.5940594059407,
				2352.4950495049507,
				2356.3465346534654,
				2360.2178217821784,
				2364.079207920792,
				2367.980198019802,
				2371.871287128713,
				2375.762376237624,
				2379.5841584158416,
				2383.4158415841584,
				2387.2475247524753,
				2391.1188118811883,
				2394.990099009901,
				2398.861386138614,
				2402.6633663366338,
				2406.4356435643563,
				2410.1881188118814,
				2413.861386138614,
				2417.5346534653463,
				2421.2475247524753,
				2424.940594059406,
				2428.6435643564355,
				2432.4158415841584,
				2436.2178217821784,
				2440.029702970297,
				2443.861386138614,
				2447.6831683168316,
				2451.5049504950493,
				2455.3465346534654,
				2459.158415841584,
				2462.980198019802,
				2466.841584158416,
				2470.70297029703,
				2474.5445544554455,
				2478.2772277227723,
				2482.009900990099,
				2485.772277227723,
				2489.5643564356437,
				2493.3366336633662,
				2497.1188118811883,
				2500.930693069307,
				2504.762376237624,
				2508.6534653465346,
				2512.5742574257424,
				2516.5247524752476,
				2520.4059405940593,
				2524.4257425742576,
				2528.5346534653463,
				2532.633663366337,
				2536.6237623762377,
				2540.633663366337,
				2544.6930693069307,
				2548.80198019802,
				2552.841584158416,
				2556.80198019802,
				2560.7227722772277,
				2564.5742574257424,
				2568.4257425742576,
				2572.2574257425745,
				2576.059405940594,
				2580.059405940594,
				2584.039603960396,
				2588.019801980198,
				2592.059405940594,
				2596.1881188118814,
				2600.2574257425745,
				2604.3465346534654,
				2608.4950495049507,
				2612.633663366337,
				2616.70297029703,
				2620.7128712871286,
				2624.7227722772277,
				2628.70297029703,
				2632.8118811881186,
				2636.891089108911,
				2640.940594059406,
				2645.009900990099,
				2649.158415841584,
				2653.3069306930693,
				2657.4950495049507,
				2661.6534653465346,
				2665.633663366337,
				2669.6534653465346,
				2673.6633663366338,
				2677.6732673267325,
				2681.633663366337,
				2685.5940594059407,
				2689.5445544554455,
				2693.5148514851485,
				2697.4851485148515,
				2701.4356435643563,
				2705.4257425742576,
				2709.4059405940593,
				2713.3762376237623,
				2717.3168316831684,
				2721.3465346534654,
				2725.4455445544554,
				2729.6039603960394,
				2733.910891089109,
				2738.2475247524753,
				2742.5148514851485,
				2746.7524752475247,
				2750.980198019802,
				2755.2871287128714,
				2759.6237623762377,
				2763.970297029703,
				2768.3069306930693,
				2772.6534653465346,
				2776.980198019802,
				2781.29702970297,
				2785.6039603960394,
				2789.930693069307,
				2794.2178217821784,
				2798.4950495049507,
				2802.7524752475247,
				2807.009900990099,
				2811.29702970297,
				2815.5940594059407,
				2819.891089108911,
				2824.158415841584,
				2828.3861386138615,
				2832.6534653465346,
				2836.910891089109,
				2841.09900990099,
				2845.2475247524753,
				2849.4257425742576,
				2853.5940594059407,
				2857.7821782178216,
				2862.039603960396,
				2866.29702970297,
				2870.5643564356437,
				2874.831683168317,
				2879.059405940594,
				2883.2772277227723,
				2887.5544554455446,
				2891.861386138614,
				2896.1485148514853,
				2900.4059405940593,
				2904.6138613861385,
				2908.8217821782177,
				2913.0495049504952,
				2917.2871287128714,
				2921.5445544554455,
				2925.732673267327,
				2929.930693069307,
				2934.158415841584,
				2938.3861386138615,
				2942.4752475247524,
				2946.5148514851485,
				2950.5544554455446,
				2954.5940594059407,
				2958.6237623762377,
				2962.6237623762377,
				2966.6138613861385,
				2970.6237623762377,
				2974.633663366337,
				2978.6534653465346,
				2982.7227722772277,
				2986.8811881188117,
				2991.09900990099,
				2995.267326732673,
				2999.2178217821784,
				3003.227722772277,
				3007.237623762376,
				3011.1881188118814,
				3015.039603960396,
				3018.920792079208,
				3022.792079207921,
				3026.8217821782177,
				3030.871287128713,
				3034.910891089109,
				3038.980198019802,
				3043.069306930693,
				3047.1485148514853,
				3051.059405940594,
				3054.930693069307,
				3058.841584158416,
				3062.7425742574255,
				3066.5742574257424,
				3070.4851485148515,
				3074.3861386138615,
				3078.2772277227723,
				3082.2178217821784,
				3086.1188118811883,
				3090.009900990099,
				3093.910891089109,
				3097.80198019802,
				3101.70297029703,
				3105.6237623762377,
				3109.6039603960394,
				3113.5841584158416,
				3117.4950495049507,
				3121.4158415841584,
				3125.3960396039606,
				3129.4059405940593,
				3133.4257425742576,
				3137.3465346534654,
				3141.1782178217823,
				3144.970297029703,
				3148.6435643564355,
				3152.3366336633662,
				3156.089108910891,
				3159.871287128713,
				3163.6633663366338,
				3167.3762376237623,
				3171.089108910891,
				3174.792079207921,
				3178.4653465346537,
				3182.138613861386,
				3185.8118811881186,
				3189.4950495049507,
				3193.1782178217823,
				3196.8514851485147,
				3200.5544554455446,
				3204.2475247524753,
				3207.990099009901,
				3211.772277227723,
				3215.5247524752476,
				3219.29702970297,
				3223.108910891089,
				3227.019801980198,
				3230.940594059406,
				3234.8217821782177,
				3238.7128712871286,
				3242.6435643564355,
				3246.6237623762377,
				3250.5544554455446,
				3254.5049504950493,
				3258.4455445544554,
				3262.3564356435645,
				3266.2475247524753,
				3270.138613861386,
				3274.0495049504952,
				3278.009900990099,
				3282.009900990099,
				3285.9504950495048,
				3289.910891089109,
				3293.930693069307,
				3297.9504950495048,
				3301.910891089109,
				3305.841584158416,
				3309.7821782178216,
				3313.6732673267325,
				3317.5247524752476,
				3321.3762376237623,
				3325.1881188118814,
				3328.9504950495048,
				3332.732673267327,
				3336.6039603960394,
				3340.4851485148515,
				3344.3762376237623,
				3348.267326732673,
				3352.1782178217823,
				3356.069306930693,
				3359.9504950495048,
				3363.8217821782177,
				3367.7425742574255,
				3371.6534653465346,
				3375.5346534653463,
				3379.3564356435645,
				3383.227722772277,
				3387.1188118811883,
				3391.009900990099,
				3394.8514851485147,
				3398.772277227723,
				3402.6930693069307,
				3406.6633663366338,
				3410.5940594059407,
				3414.5148514851485,
				3418.3168316831684,
				3422.128712871287,
				3425.940594059406,
				3429.7227722772277,
				3433.5049504950493,
				3437.3069306930693,
				3441.1782178217823,
				3445.09900990099,
				3448.970297029703,
				3452.930693069307,
				3456.8811881188117,
				3460.80198019802,
				3464.7425742574255,
				3468.910891089109,
				3473.029702970297,
				3477.1485148514853,
				3481.2772277227723,
				3485.4059405940593,
				3489.70297029703,
				3494.0,
				3498.29702970297,
				3502.5148514851485,
				3506.732673267327,
				3510.960396039604,
				3515.168316831683,
				3519.3267326732675,
				3523.4653465346537,
				3527.6039603960394,
				3531.80198019802,
				3536.019801980198,
				3540.207920792079,
				3544.3762376237623,
				3548.5247524752476,
				3552.6732673267325,
				3556.8217821782177,
				3560.9504950495048,
				3565.079207920792,
				3569.158415841584,
				3573.267326732673,
				3577.3960396039606,
				3581.5247524752476,
				3585.6534653465346,
				3589.7821782178216,
				3593.980198019802,
				3598.168316831683,
				3602.3267326732675,
				3606.5049504950493,
				3610.6732673267325,
				3614.8118811881186,
				3619.039603960396,
				3623.2475247524753,
				3627.4059405940593,
				3631.5841584158416,
				3635.772277227723,
				3639.970297029703,
				3644.237623762376,
				3648.5049504950493,
				3652.7821782178216,
				3657.079207920792,
				3661.3564356435645,
				3665.6732673267325,
				3670.0,
				3674.3861386138615,
				3678.762376237624,
				3683.108910891089,
				3687.4059405940593,
				3691.6732673267325,
				3695.930693069307,
				3700.1881188118814,
				3704.4059405940593,
				3708.6039603960394,
				3712.841584158416,
				3717.079207920792,
				3721.2772277227723,
				3725.5148514851485,
				3729.732673267327,
				3733.970297029703,
				3738.3069306930693,
				3742.6831683168316,
				3747.0495049504952,
				3751.3366336633662,
				3755.5940594059407,
				3759.8514851485147,
				3764.158415841584,
				3768.4554455445545,
				3772.7821782178216,
				3777.108910891089,
				3781.4356435643563,
				3785.732673267327,
				3790.039603960396,
				3794.3564356435645,
				3798.6534653465346,
				3802.861386138614,
				3807.059405940594,
				3809.31,
				3811.5858585858587,
				3813.816326530612,
				3816.082474226804,
				3818.3333333333335,
				3820.621052631579,
				3822.936170212766,
				3825.1720430107525,
				3827.413043478261,
				3829.6813186813188,
				3831.9777777777776,
				3834.2921348314608,
				3836.625,
				3838.9080459770116,
				3841.1744186046512,
				3843.470588235294,
				3845.690476190476,
				3847.9518072289156,
				3850.1951219512193,
				3852.4074074074074,
				3854.375,
				3856.3797468354433,
				3858.4102564102564,
				3860.4545454545455,
				3862.5263157894738,
				3864.3733333333334,
				3866.2297297297296,
				3868.082191780822,
				3869.972222222222,
				3871.9014084507044,
				3873.8571428571427,
				3875.8115942028985,
				3877.779411764706,
				3879.776119402985,
				3881.8030303030305,
				3883.7846153846153,
				3885.78125,
				3887.8253968253966,
				3889.8870967741937,
				3891.934426229508,
				3893.9166666666665,
				3895.898305084746,
				3897.9137931034484,
				3899.964912280702,
				3902.0714285714284,
				3904.1454545454544,
				3906.222222222222,
				3908.3396226415093,
				3910.5,
				3912.6862745098038,
			),

			/* Y */
			(
				313231090.1960784,
				312469042.46153843,
				323479369.6603774,
				319012343.7037037,
				313977084.5090909,
				312822264.0,
				318129198.0350877,
				316616025.37931037,
				315024723.5254237,
				311520261.3333333,
				311301578.4918033,
				320150896.516129,
				328665775.74603176,
				327094917.0,
				323358847.0153846,
				333993240.24242425,
				331684605.13432837,
				327654009.4117647,
				330892244.4057971,
				329685753.6,
				336260024.7887324,
				334489672.0,
				331309116.4931507,
				330677653.6216216,
				329891967.14666665,
				338240987.7894737,
				336845508.987013,
				336324310.15384614,
				334325414.0759494,
				330976695.2,
				327371343.80246913,
				330157503.2195122,
				326829207.90361446,
				328732285.71428573,
				324946048.7529412,
				325361719.81395346,
				322273950.16091955,
				320919888.72727275,
				317991590.1123595,
				316722607.64444447,
				315214610.989011,
				316321746.7826087,
				313188527.483871,
				312750253.61702126,
				309810711.57894737,
				307216690.0,
				304776125.36082476,
				307923682.6122449,
				307499987.3939394,
				307117349.76,
				304721759.6831683,
				306191764.9108911,
				308832178.0594059,
				311542500.75247526,
				311550457.02970296,
				312473119.04950494,
				313598439.2871287,
				312025894.65346533,
				314251232.95049506,
				315895087.5247525,
				318182903.76237625,
				319269504.63366336,
				322613780.9108911,
				323400213.5445545,
				319961763.4851485,
				325392470.1782178,
				325133494.4950495,
				326253372.83168316,
				326456342.8118812,
				328484353.2673267,
				326117732.1188119,
				323607086.8910891,
				326192352.3168317,
				326057577.1881188,
				327801864.8712871,
				314561230.57425743,
				308113396.5940594,
				307207744.63366336,
				307405414.65346533,
				305119045.7029703,
				307598382.8910891,
				302638593.2673267,
				300341517.9405941,
				301059737.34653467,
				298364974.8910891,
				296242598.019802,
				295285239.1287129,
				293990472.23762375,
				289833640.55445546,
				286543376.4752475,
				283403853.3069307,
				280704427.0891089,
				277625025.9009901,
				273261825.2673267,
				272165762.5346535,
				274990988.6732673,
				277892984.3960396,
				268252419.8019802,
				270273217.9009901,
				271132445.14851487,
				273778745.02970296,
				274464794.6138614,
				273993308.5148515,
				270919199.6831683,
				272599330.2178218,
				274293381.0693069,
				277693385.5049505,
				273182270.0990099,
				276061616.15841585,
				274636198.019802,
				274086586.2970297,
				276438339.16831684,
				268780796.1980198,
				260916476.1980198,
				260656238.25742576,
				263095307.4059406,
				253346097.42574257,
				251894876.51485148,
				252957950.73267326,
				256180894.41584158,
				254951222.4950495,
				250271522.21782178,
				248759358.0990099,
				250095310.57425743,
				248658638.57425743,
				246682440.23762375,
				239539279.84158415,
				237987362.21782178,
				237529238.81188118,
				239674346.45544556,
				239739000.3960396,
				241661783.44554454,
				240046002.6930693,
				240188860.83168316,
				236211431.92079207,
				240962828.67326733,
				242506006.81188118,
				242394317.3069307,
				242515940.11881188,
				246958356.27722773,
				254235782.33663365,
				253047455.68316832,
				250287197.78217822,
				250654661.7029703,
				250643037.78217822,
				251180559.2079208,
				251187169.58415842,
				251605468.51485148,
				249494933.54455444,
				247737128.55445546,
				250755981.94059405,
				252034141.78217822,
				250962693.06930694,
				248878072.3960396,
				248365585.74257424,
				249923031.44554454,
				248104579.8019802,
				247532761.98019803,
				247805328.47524753,
				246181974.17821783,
				246207280.15841585,
				242651343.84158415,
				242152280.71287128,
				241668628.27722773,
				242259333.06930694,
				243339947.0891089,
				238766053.38613862,
				239769046.17821783,
				239659163.88118812,
				240750849.26732674,
				238490343.92079207,
				240968809.18811882,
				240999590.01980197,
				240410252.67326733,
				241052229.7029703,
				241055555.16831684,
				239130800.15841585,
				237993937.1089109,
				235713641.18811882,
				234848444.83168316,
				240325486.25742576,
				240131635.96039605,
				240891890.05940595,
				242666299.56435645,
				245418041.02970296,
				243730813.46534654,
				243125213.78217822,
				243103060.9108911,
				240614396.1980198,
				242120750.8910891,
				242780004.11881188,
				239569186.21782178,
				241315623.28712872,
				242145732.43564355,
				241992180.5940594,
				243848935.92079207,
				242228542.0990099,
				237129387.0891089,
				238307007.36633664,
				238279268.11881188,
				238516755.009901,
				234369331.96039605,
				233939941.38613862,
				234905542.97029704,
				231524436.9108911,
				230739789.3069307,
				231432459.4059406,
				227800889.02970296,
				228597540.75247526,
				226845858.21782178,
				228108196.75247526,
				229662770.6930693,
				227271436.67326733,
				228539746.85148516,
				231340599.76237625,
				230355653.7029703,
				228799579.24752474,
				232752259.8019802,
				234138025.82178217,
				236112500.5940594,
				229226191.84158415,
				228506005.54455444,
				228430939.24752474,
				229549593.34653464,
				228967920.7920792,
				229741699.8019802,
				231213177.66336635,
				231054853.06930694,
				232395035.88118812,
				230654073.66336635,
				229668113.74257424,
				230594377.5049505,
				230921246.41584158,
				228335818.77227724,
				230881503.04950494,
				233482016.95049506,
				231471083.72277227,
				228167193.34653464,
				230524542.73267326,
				230527462.65346536,
				227881527.76237625,
				227762784.31683168,
				229098485.86138615,
				230103709.14851484,
				230666604.990099,
				230085241.66336635,
				232938511.2079208,
				234428832.95049506,
				235787650.53465346,
				233450497.26732674,
				234259246.8910891,
				231583991.12871286,
				230952396.03960395,
				233281519.52475247,
				235973159.28712872,
				237457898.45544556,
				237843355.88118812,
				237611871.04950494,
				238369752.71287128,
				239152088.71287128,
				240086301.14851484,
				239458599.28712872,
				241644281.66336635,
				242084459.72277227,
				242546374.97029704,
				244894073.66336635,
				243502123.0891089,
				244729219.8019802,
				246241049.34653464,
				244379072.63366336,
				246942033.1089109,
				249278375.28712872,
				248676628.27722773,
				251728553.82178217,
				250189755.56435645,
				248911925.22772276,
				248244520.55445546,
				246740153.02970296,
				243854176.31683168,
				243499811.48514852,
				242240352.31683168,
				239266737.42574257,
				237237554.6930693,
				237498603.72277227,
				237104252.1980198,
				234442987.72277227,
				234484839.92079207,
				236581302.4950495,
				236821709.3069307,
				239533869.62376237,
				239359323.24752474,
				240742067.96039605,
				243545556.9108911,
				243934352.47524753,
				244524014.25742576,
				247781794.21782178,
				247402366.73267326,
				247756974.8910891,
				248327900.51485148,
				247583929.02970296,
				246733583.2079208,
				246752724.9108911,
				248116003.48514852,
				248537242.61386138,
				249118387.96039605,
				248868896.95049506,
				249325702.33663365,
				248166331.56435645,
				248065107.64356434,
				248352395.4059406,
				247608965.06930694,
				248274058.13861385,
				248159532.35643566,
				247670202.2970297,
				245928672.31683168,
				243977435.24752474,
				246293419.0891089,
				246085699.16831684,
				244064302.8910891,
				245320517.7029703,
				244097395.32673267,
				243938746.2970297,
				245705886.41584158,
				244499959.12871286,
				244823908.11881188,
				245192264.23762375,
				245702601.5049505,
				245659451.56435645,
				245246769.42574257,
				245309061.06930694,
				246420131.48514852,
				245087349.86138615,
				246934361.98019803,
				245445202.37623763,
				245123037.78217822,
				244025634.21782178,
				242841119.68316832,
				242954023.28712872,
				243068549.06930694,
				242012713.82178217,
				243372748.03960395,
				242450377.5049505,
				234703340.990099,
				235038645.22772276,
				234786558.73267326,
				235111643.24752474,
				235974885.38613862,
				234509734.01980197,
				233923330.53465346,
				233002582.17821783,
				232911902.41584158,
				233363111.28712872,
				232178840.07920793,
				234068434.37623763,
				232918310.01980197,
				232123442.6930693,
				232084023.76237625,
				231948247.44554454,
				232354684.1980198,
				232157427.32673267,
				232204280.3960396,
				232227112.55445546,
				232762512.47524753,
				231275433.82178217,
				230486081.9009901,
				229883442.6930693,
				228497129.18811882,
				228914150.65346536,
				228465861.7029703,
				226636693.54455444,
				227908521.82178217,
				225747780.43564355,
				224333849.34653464,
				225317619.32673267,
				223696576.63366336,
				223696576.63366336,
				225092907.0891089,
				225280187.56435645,
				224597250.53465346,
				224249414.97029704,
				223463307.4059406,
				224120614.01980197,
				222791725.62376237,
				222296603.88118812,
				223335122.37623763,
				223716253.14851484,
				225069068.67326733,
				224757286.01980197,
				224028928.0,
				224414357.54455444,
				224001350.97029704,
				222838573.62376237,
				221245107.96039605,
				219530790.01980197,
				220738501.7029703,
				221126364.51485148,
				219287463.28712872,
				220366860.67326733,
				220449916.1980198,
				219030510.25742576,
				218983710.41584158,
				219814265.66336635,
				219224117.22772276,
				218113249.58415842,
				219228862.0990099,
				218078575.52475247,
				217382985.5049505,
				217995844.43564355,
				219432607.68316832,
				220429273.98019803,
				221394794.45544556,
				222616456.87128714,
				222377023.36633664,
				221920542.41584158,
				222297212.1980198,
				223467735.44554454,
				223740666.93069306,
				222878965.86138615,
				223172904.55445546,
				223307869.78217822,
				223422395.56435645,
				224284096.63366336,
				224785349.7029703,
				225162019.48514852,
				224609465.02970296,
				224165961.5049505,
				223916794.93069306,
				223633225.5049505,
				225282818.53465346,
				226528975.84158415,
				226809612.67326733,
				228045712.47524753,
				230198018.53465346,
				228837984.31683168,
				229993624.07920793,
				230848187.56435645,
				231222586.2970297,
				230173604.75247526,
				230415633.74257424,
				230321790.73267326,
				231729354.77227724,
				230701542.65346536,
				231449042.37623763,
				231490894.57425743,
				230965729.58415842,
				231115294.41584158,
				232693673.82178217,
				233475563.72277227,
				232367352.3960396,
				233484546.53465346,
				234964267.0891089,
				234215266.85148516,
				233914515.009901,
				233975914.45544556,
				232242130.37623763,
				232938369.26732674,
				232969839.52475247,
				230110993.74257424,
				230353347.16831684,
				229117085.14851484,
				229231610.93069306,
				228578225.42574257,
				228782011.56435645,
				228023521.58415842,
				228433798.33663365,
				229337676.03960395,
				228123313.42574257,
				227454489.34653464,
				227714362.2970297,
				227761567.68316832,
				228997667.48514852,
				228914936.3960396,
				228993287.6039604,
				231091129.02970296,
				230285068.67326733,
				229818205.78217822,
				230846342.33663365,
				230965653.54455444,
				229952603.24752474,
				231842765.3069307,
				232273656.3960396,
				232637348.75247526,
				233001041.1089109,
				233613900.03960395,
				234612221.46534654,
				236317779.64356434,
				237286463.36633664,
				236289797.06930694,
				236788130.21782178,
				236341706.77227724,
				236122388.27722773,
				235738580.9108911,
				236517550.8910891,
				237134789.7029703,
				237150646.4950495,
				235323424.95049506,
				234077916.51485148,
				233049779.96039605,
				232424268.03960395,
				231775883.4059406,
				233354262.81188118,
				234797676.990099,
				235462121.18811882,
				236770570.13861385,
				237051206.97029704,
				235556207.52475247,
				234393430.17821783,
				235670733.3069307,
				236304031.68316832,
				235358950.65346536,
				233697840.15841585,
				231195468.03960395,
				229112104.55445546,
				227459713.26732674,
				227958046.41584158,
				227574239.04950494,
				227823405.62376237,
				227918951.92079207,
				227503674.2970297,
				228583396.11881188,
				228251174.01980197,
				228334229.54455444,
				226808084.27722773,
				227057250.85148516,
				227555584.0,
				228484808.23762375,
				228713535.36633664,
				228578894.57425743,
				227938471.28712872,
				226328946.05940595,
				225383865.02970296,
				224469929.82178217,
				223857070.8910891,
				223576434.05940595,
				224074767.2079208,
				223908656.15841585,
				223929095.6039604,
				222984014.57425743,
				224689978.2970297,
				223804350.0990099,
				223776529.74257424,
				223601577.82178217,
				222604911.52475247,
				221857411.8019802,
				222937133.62376237,
				223919428.43564355,
				224613720.71287128,
				223917806.25742576,
				222308281.02970296,
				223377884.51485148,
				223548375.44554454,
				222459437.62376237,
				224142974.73267326,
				224775948.67326733,
				225056261.06930694,
				226408752.15841585,
				226128115.32673267,
				225183034.2970297,
				226629936.15841585,
				226017077.22772276,
				227391467.72277227,
				227775275.0891089,
				228111877.06930694,
				229528200.87128714,
				231454253.62376237,
				231090561.26732674,
				230643813.38613862,
				231359842.85148516,
				232360889.02970296,
				233417008.15841585,
				233733170.6930693,
				234698366.73267326,
				233970982.01980197,
				232872037.38613862,
				230598067.96039605,
				229648607.04950494,
				228796436.27722773,
				228520949.86138615,
				227534138.2970297,
				226962604.35643566,
				224418177.26732674,
				223421510.97029704,
				222793038.57425743,
				221796047.84158415,
				220113321.82178217,
				218948395.0891089,
				216025838.25742576,
				213985421.94059405,
				213663054.57425743,
				212676243.009901,
				210973077.54455444,
				209877742.25742576,
				209280902.33663365,
				207240486.01980197,
				205979039.68316832,
				205797071.84158415,
				205844277.22772276,
				205075161.98019803,
				205075161.98019803,
				204289054.41584158,
				203790721.26732674,
				202181196.03960395,
				200602816.63366336,
				198656689.42574257,
				199009350.97029704,
				198147325.46534654,
				198479547.56435645,
				199143991.76237625,
				198811769.66336635,
				198198910.73267326,
				197217168.47524753,
				198245305.02970296,
				199252677.7029703,
				198920455.6039604,
				199253813.22772276,
				198350057.18811882,
				196749940.5940594,
				196095351.12871286,
				196297271.76237625,
				197210882.53465346,
				195073094.97029704,
				194740872.87128714,
				194377180.51485148,
				193577243.88118812,
				192663633.1089109,
				191424775.6039604,
				191305869.94059405,
				191243253.86138615,
				192291505.42574257,
				195917884.83168316,
				196151316.27722773,
				195164998.97029704,
				194848430.8910891,
				194391301.06930694,
				192168916.9108911,
				193528951.12871286,
				194806903.12871286,
				195751984.15841585,
				198025629.14851484,
				197278129.42574257,
				198132287.36633664,
				197755617.58415842,
				196294278.33663365,
				197041778.05940595,
				197695515.88118812,
				196646939.88118812,
				196096697.02970296,
				195432252.83168316,
				195338490.93069306,
				195480107.0891089,
				196061495.76237625,
				194441588.5940594,
				194632194.53465346,
				195296638.73267326,
				195086080.0,
				194805767.6039604,
				193809101.3069307,
				194058267.88118812,
				194006358.17821783,
				193809101.3069307,
				194615161.66336635,
				194480196.43564355,
				194231029.86138615,
				194594722.21782178,
				192850556.1980198,
				193016667.24752474,
				194103364.43564355,
				193988838.65346536,
				193739672.07920793,
				193573561.02970296,
				192268275.32673267,
				192849988.43564355,
				191271933.46534654,
				192466181.06930694,
				193818996.5940594,
				193902052.11881188,
				195464371.96039605,
				196035905.9009901,
				195532422.33663365,
				197464963.8019802,
				198981578.77227724,
				199864895.36633664,
				200031006.41584158,
				201339658.13861385,
				201339658.13861385,
				203073969.42574257,
				204891336.23762375,
				205322227.32673267,
				205506050.53465346,
				205828417.9009901,
				207147451.56435645,
				207853950.73267326,
				209032341.54455444,
				208767155.96039605,
				208744473.34653464,
				210338141.78217822,
				210057504.95049506,
				209511966.41584158,
				211329333.22772276,
				211360479.04950494,
				211744286.41584158,
				210979396.43564355,
				210979396.43564355,
				210948250.61386138,
				211551690.77227724,
				210586170.2970297,
				212081169.74257424,
				212579502.8910891,
				211915058.6930693,
				211665567.68316832,
				210336679.28712872,
				210685123.16831684,
				210685123.16831684,
				210685123.16831684,
				211349567.36633664,
				212004156.83168316,
				214153745.74257424,
				214777311.04950494,
				215431900.51485148,
				215530731.72277227,
				215032398.57425743,
				215758242.21782178,
				216422686.41584158,
				215758242.21782178,
				217139567.52475247,
				217970122.77227724,
				218576006.33663365,
				219525467.24752474,
				219359356.1980198,
				218694912.0,
				214920265.5049505,
				214639628.67326733,
				214844056.07920793,
				215793922.53465346,
				215337441.58415842,
				215732604.1980198,
				213209792.63366336,
				212239567.84158415,
				210585594.93069306,
				209100652.990099,
				208654229.54455444,
				207283488.95049506,
				207369139.96039605,
				207857091.16831684,
				207275702.4950495,
				206580112.47524753,
				206746223.52475247,
				206247890.37623763,
				206320563.96039605,
				207494047.68316832,
				207352431.52475247,
				206054688.95049506,
				206228262.01980197,
				205729928.87128714,
				203497284.43564355,
				203707843.16831684,
				204247379.64356434,
				205192460.67326733,
				204119876.43564355,
				203805173.86138615,
				204750254.8910891,
				204068453.38613862,
				203081641.82178217,
				202030145.9009901,
				200960157.14851484,
				201977587.32673267,
				200357680.15841585,
				199412599.12871286,
				198654717.46534654,
				198031476.5940594,
				196992958.0990099,
				199266927.52475247,
				199318512.7920792,
				199889519.52475247,
				199048582.33663365,
				199214693.38613862,
				200460526.25742576,
				198757563.56435645,
				199038200.3960396,
				199360040.55445546,
				198403928.71287128,
				197749217.58415842,
				198299136.0,
				198565011.009901,
				198690567.6039604,
				199687558.33663365,
				199635973.06930694,
				199584063.36633664,
				200455821.94059405,
				200411871.04950494,
				200370018.85148516,
				198500945.1089109,
				198500945.1089109,
				198085667.48514852,
				197490328.07920793,
				197660345.02970296,
				196172483.16831684,
				196231652.11881188,
				195740456.55445546,
				194086483.64356434,
				194418705.74257424,
				193712409.34653464,
				194053424.15841585,
				194343794.05940595,
				194301941.86138615,
				194107777.26732674,
				193370335.04950494,
				191750427.88118812,
				191542464.63366336,
				191915890.05940595,
				191227437.62376237,
				191265721.02970296,
				191275778.53465346,
				189873567.68316832,
				188678995.64356434,
				187640477.14851484,
				187598624.95049506,
				187183347.32673267,
				187951610.93069306,
				187660592.15841585,
				187037351.28712872,
				186331054.8910891,
				186735626.13861385,
				185746097.42574257,
				185372023.12871286,
				184613817.02970296,
				184530761.5049505,
				183792994.85148516,
				181962853.38613862,
				181536869.38613862,
				181126661.06930694,
				181171108.75247526,
				180464812.35643566,
				180695932.1980198,
				179540292.43564355,
				179789459.009901,
				179249273.66336635,
				180993439.68316832,
				180685712.47524753,
				182505796.43564355,
				182087923.32673267,
				181963015.6039604,
				181672645.7029703,
				181880608.95049506,
				182212831.04950494,
				182794219.72277227,
				182999263.04950494,
				182677098.45544556,
				182437989.38613862,
				181326797.3069307,
				178585356.67326733,
				177920912.47524753,
				177681803.4059406,
				177591285.86138615,
				178504896.63366336,
				179740874.77227724,
				178453189.7029703,
				177456523.4059406,
				177134034.37623763,
				177749488.7920792,
				177991193.34653464,
				176370961.74257424,
				175872628.5940594,
				176163850.13861385,
				176176827.56435645,
				176259883.0891089,
				175574675.009901,
				175823841.58415842,
				176346669.62376237,
				177177224.87128714,
				177094169.34653464,
				177125315.16831684,
				174477271.44554454,
				172940419.8019802,
				172701635.16831684,
				173127294.73267326,
				172770577.74257424,
				172521411.16831684,
				172714612.5940594,
				172059901.46534654,
				171447042.53465346,
				171000294.65346536,
				171073292.67326733,
				170460433.74257424,
				170069651.009901,
				169730777.98019803,
				168868752.47524753,
				168920337.74257424,
				167152163.48514852,
				166321608.23762375,
				166238552.71287128,
				166072441.66336635,
				166900401.42574257,
				166858549.22772276,
				166567530.45544556,
				166788795.56435645,
				167030500.11881188,
				166698278.01980197,
				167127060.27722773,
				169061345.58415842,
				169427633.42574257,
				169645654.17821783,
				170805836.03960395,
				171597783.44554454,
				170857745.74257424,
				172560708.43564355,
				172768671.68316832,
				173264409.34653464,
				173488391.6039604,
				172987462.97029704,
				172403478.81188118,
				172185782.4950495,
				171773424.7920792,
				172479721.18811882,
				173518239.68316832,
				174006515.32673267,
				175377255.92079207,
				175086886.01980197,
				173432913.1089109,
				172910896.15841585,
				173243118.25742576,
				173949414.65346536,
				173991266.85148516,
				175330861.62376237,
				175364927.36633664,
				176071223.76237625,
				175707855.84158415,
				174918503.92079207,
				174991501.94059405,
				176821643.4059406,
				177164571.88118812,
				178571446.4950495,
				178363483.24752474,
				179734223.84158415,
				180617216.0,
				182749082.61386138,
				183579637.86138615,
				184077971.009901,
				182998249.18811882,
				184026061.3069307,
				183278561.58415842,
				183489120.31683168,
				182873665.9009901,
				183538110.0990099,
				183455054.57425743,
				182624499.32673267,
				181835147.4059406,
				181630104.07920793,
				181305344.0,
				181347196.1980198,
				181884846.08,
				182984414.3838384,
				183335413.5510204,
				183910188.86597937,
				184496938.66666666,
				183727028.5473684,
				183386939.91489363,
				184077190.88172042,
				184508905.73913044,
				183843918.76923078,
				183723394.84444445,
				184165686.6516854,
				184582283.63636363,
				185044615.35632184,
				185468546.97674417,
				185853494.2117647,
				186247606.85714287,
				186297084.91566265,
				186603919.6097561,
				186244766.02469134,
				186139187.2,
				186561860.05063292,
				186847494.56410256,
				187399287.6883117,
				187744848.84210527,
				187372175.36,
				186535991.35135135,
				185940613.26027396,
				184944810.66666666,
				185314981.85915494,
				186379410.2857143,
				186988395.5942029,
				187245206.5882353,
				187274438.68656716,
				187527478.3030303,
				188062546.7076923,
				187368640.0,
				187717924.57142857,
				186725475.0967742,
				187888958.95081967,
				188474641.06666666,
				189791075.79661018,
				190863642.4827586,
				190801093.6140351,
				191630409.14285713,
				192337361.45454547,
				193691875.55555555,
				194622676.5283019,
				196462040.6153846,
				196990213.01960784,
			),
		)
	)
)