#import "@preview/lilaq:0.5.0" as lq
#figure(
	caption: [GIVE ME A CAPTION],
	lq.diagram(
		legend: (position: bottom + center),
		xlim: (auto, auto),
		xlabel: [Episodes],

		ylim: (auto, auto),
		ylabel: [Accuracy],

		lq.plot(
			label: [Exp1],
			every: none,
			/* X */
			(
				1,
				3,
				4,
				5,
				10,
				11,
				12,
				15,
				16,
				17,
				19,
				20,
				21,
				23,
				24,
				27,
				28,
				29,
				30,
				31,
				34,
				35,
				37,
				38,
				39,
				40,
				41,
				48,
				49,
				50,
				51,
				52,
				53,
				54,
				55,
				56,
				58,
				61,
				62,
				63,
				64,
				66,
				67,
				68,
				69,
				71,
				72,
				74,
				76,
				78,
				79,
				80,
				81,
				83,
				84,
				86,
				87,
				88,
				90,
				91,
				96,
				100,
				101,
				104,
				105,
				107,
				108,
				109,
				110,
				111,
				112,
				113,
				115,
				116,
				117,
				122,
				126,
				127,
				129,
				130,
				131,
				132,
				133,
				135,
				137,
				138,
				139,
				140,
				144,
				145,
				146,
				147,
				148,
				151,
				155,
				157,
				158,
				160,
				161,
				163,
				164,
				165,
				167,
				169,
				171,
				172,
				173,
				175,
				176,
				177,
				178,
				179,
				181,
				182,
				183,
				184,
				185,
				186,
				187,
				190,
				191,
				192,
				193,
				196,
				199,
				200,
				201,
				203,
				204,
				205,
				206,
				208,
				210,
				212,
				214,
				216,
				217,
				219,
				220,
				221,
				222,
				223,
				225,
				226,
				227,
				230,
				233,
				235,
				236,
				237,
				238,
				239,
				240,
				242,
				243,
				245,
				246,
				247,
				248,
				250,
				253,
				254,
				255,
				258,
				259,
				260,
				261,
				263,
				264,
				269,
				271,
				272,
				275,
				276,
				277,
				279,
				280,
				281,
				282,
				283,
				284,
				285,
				286,
				288,
				289,
				291,
				292,
				296,
				297,
				298,
				299,
				300,
				301,
				305,
				306,
				307,
				308,
				309,
				310,
				313,
				314,
				315,
				316,
				317,
				319,
				320,
				323,
				325,
				328,
				330,
				331,
				332,
				333,
				334,
				338,
				339,
				341,
				343,
				344,
				345,
				346,
				347,
				349,
				350,
				351,
				353,
				354,
				355,
				356,
				358,
				359,
				361,
				362,
				363,
				364,
				365,
				366,
				367,
				368,
				369,
				370,
				375,
				376,
				378,
				379,
				383,
				385,
				386,
				387,
				390,
				391,
				392,
				393,
				394,
				395,
				396,
				397,
				398,
				399,
				400,
				401,
				402,
				403,
				405,
				407,
				408,
				409,
				410,
				413,
				414,
				415,
				416,
				419,
				420,
				422,
				423,
				426,
				427,
				428,
				430,
				431,
				432,
				435,
				436,
				437,
				438,
				439,
				440,
				441,
				442,
				444,
				445,
				446,
				447,
				451,
				452,
				453,
				454,
				455,
				457,
				459,
				461,
				462,
				463,
				465,
				466,
				467,
				469,
				471,
				472,
				474,
				475,
				476,
				479,
				480,
				481,
				482,
				483,
				484,
				485,
				487,
				488,
				489,
				490,
				491,
				492,
				495,
				496,
				498,
				499,
				500,
				502,
				503,
				504,
				507,
				508,
				509,
				510,
				511,
				512,
				513,
				514,
				515,
				517,
				518,
				519,
				520,
				521,
				522,
				524,
				527,
				531,
				534,
				535,
				536,
				537,
				538,
				539,
				540,
				541,
				542,
				543,
				544,
				545,
				547,
				548,
				551,
				553,
				554,
				555,
				556,
				557,
				559,
				563,
				564,
				565,
				567,
				568,
				569,
				570,
				572,
				574,
				577,
				581,
				585,
				586,
				587,
				589,
				590,
				591,
				592,
				593,
				595,
				596,
				597,
				598,
				599,
				600,
				602,
				603,
				604,
				606,
				608,
				609,
				610,
				611,
				614,
				615,
				617,
				618,
				619,
				621,
				623,
				624,
				626,
				627,
				628,
				629,
				630,
				633,
				634,
				635,
				636,
				638,
				641,
				642,
				643,
				644,
				645,
				646,
				649,
				650,
				652,
				653,
				654,
				655,
				656,
				659,
				660,
				661,
				668,
				670,
				671,
				674,
				676,
				677,
				678,
				679,
				680,
				681,
				683,
				684,
				685,
				686,
				688,
				689,
				690,
				691,
				693,
				694,
				695,
				696,
				697,
				698,
				700,
				703,
				704,
				706,
				710,
				711,
				713,
				714,
				716,
				718,
				720,
				721,
				722,
				724,
				725,
				726,
				727,
				728,
				729,
				730,
				731,
				732,
				733,
				734,
				739,
				740,
				741,
				743,
				744,
				745,
				746,
				747,
				752,
				753,
				756,
				757,
				759,
				760,
				764,
				765,
				766,
				768,
				769,
				770,
				771,
				772,
				773,
				774,
				776,
				777,
				778,
				779,
				780,
				781,
				782,
				783,
				784,
				787,
				789,
				790,
				792,
				794,
				795,
				796,
				797,
				798,
				800,
				801,
				805,
				806,
				807,
				808,
				811,
				812,
				814,
				818,
				819,
				820,
				821,
				822,
				823,
				824,
				825,
				826,
				827,
				828,
				829,
				831,
				833,
				834,
				836,
				837,
				838,
				840,
				841,
				843,
				844,
				846,
				848,
				851,
				852,
				855,
				857,
				858,
				859,
				861,
				862,
				863,
				866,
				867,
				869,
				871,
				872,
				877,
				878,
				881,
				882,
				883,
				884,
				885,
				886,
				887,
				888,
				889,
				891,
				893,
				894,
				896,
				898,
				899,
				902,
				903,
				905,
				906,
				907,
				908,
				909,
				911,
				912,
				914,
				915,
				917,
				918,
				919,
				920,
				921,
				922,
				924,
				928,
				929,
				930,
				931,
				932,
				933,
				934,
				935,
				936,
				940,
				942,
				943,
				946,
				947,
				948,
				950,
				951,
				953,
				955,
				956,
				957,
				960,
				961,
				962,
				963,
				964,
				965,
				966,
				968,
				969,
				972,
				977,
				979,
				980,
				981,
				982,
				983,
				984,
				987,
				988,
				989,
				990,
				991,
				993,
				995,
				996,
				997,
				999,
				1000,
				1001,
				1002,
				1003,
				1004,
				1005,
				1006,
				1007,
				1008,
				1012,
				1014,
				1015,
				1016,
				1017,
				1018,
				1021,
				1023,
				1027,
				1029,
				1030,
				1032,
				1036,
				1037,
				1038,
				1039,
				1040,
				1044,
				1046,
				1047,
				1050,
				1053,
				1054,
				1055,
				1057,
				1059,
				1060,
				1061,
				1063,
				1064,
				1066,
				1067,
				1068,
				1070,
				1071,
				1072,
				1073,
				1074,
				1075,
				1078,
				1079,
				1081,
				1082,
				1083,
				1084,
				1086,
				1087,
				1088,
				1089,
				1092,
				1093,
				1094,
				1099,
				1101,
				1103,
				1104,
				1105,
				1108,
				1109,
				1110,
				1111,
				1112,
				1113,
				1114,
				1115,
				1117,
				1118,
				1120,
				1121,
				1122,
				1123,
				1126,
				1127,
				1129,
				1130,
				1131,
				1132,
				1133,
				1134,
				1135,
				1136,
				1137,
				1138,
				1140,
				1141,
				1143,
				1144,
				1146,
				1147,
				1149,
				1150,
				1151,
				1152,
				1153,
				1154,
				1156,
				1160,
				1161,
				1163,
				1165,
				1166,
				1167,
				1168,
				1169,
				1173,
				1174,
				1175,
				1177,
				1178,
				1179,
				1181,
				1183,
				1185,
				1187,
				1189,
				1190,
				1191,
				1194,
				1195,
				1196,
				1197,
				1198,
				1199,
				1202,
				1203,
				1206,
				1207,
				1208,
				1210,
				1211,
				1214,
				1215,
				1216,
				1218,
				1219,
				1222,
				1223,
				1224,
				1226,
				1229,
				1230,
				1233,
				1234,
				1235,
				1239,
				1241,
				1242,
				1243,
				1244,
				1245,
				1246,
				1247,
				1250,
				1251,
				1252,
				1253,
				1255,
				1257,
				1258,
				1261,
				1262,
				1264,
				1265,
				1266,
				1267,
				1268,
				1269,
				1272,
				1273,
				1277,
				1278,
				1279,
				1280,
				1281,
				1283,
				1284,
				1286,
				1287,
				1289,
				1291,
				1292,
				1293,
				1294,
				1296,
				1297,
				1299,
				1300,
				1302,
				1303,
				1305,
				1306,
				1307,
				1308,
				1311,
				1313,
				1314,
				1315,
				1316,
				1320,
				1321,
				1323,
				1324,
				1325,
				1326,
				1327,
				1329,
				1334,
				1336,
				1342,
				1343,
				1345,
				1346,
				1348,
				1349,
				1352,
				1353,
				1355,
				1356,
				1357,
				1358,
				1359,
				1361,
				1364,
				1365,
				1366,
				1367,
				1368,
				1369,
				1373,
				1374,
				1375,
				1376,
				1377,
				1381,
				1382,
				1386,
				1387,
				1388,
				1391,
				1392,
				1394,
				1395,
				1397,
				1398,
				1400,
				1401,
				1403,
				1404,
				1405,
				1406,
				1407,
				1408,
				1414,
				1417,
				1418,
				1420,
				1422,
				1423,
				1426,
				1427,
				1429,
				1432,
				1433,
				1434,
				1435,
				1437,
				1439,
				1440,
				1441,
				1442,
				1445,
				1447,
				1448,
				1449,
				1450,
				1451,
				1452,
				1453,
				1455,
				1456,
				1457,
				1458,
				1459,
				1460,
				1461,
				1462,
				1463,
				1464,
				1465,
				1471,
				1474,
				1475,
				1477,
				1478,
				1482,
				1483,
				1484,
				1485,
				1488,
				1489,
				1490,
				1491,
				1492,
				1494,
				1495,
				1499,
				1500,
				1501,
				1503,
				1505,
				1506,
				1510,
				1511,
				1512,
				1513,
				1514,
				1516,
				1517,
				1521,
				1524,
				1527,
				1529,
				1531,
				1534,
				1535,
				1538,
				1539,
				1540,
				1541,
				1542,
				1544,
			),

			/* Y */
			(
				0.6559000015258789,
				0.6999000310897827,
				0.6164000034332275,
				0.6618000268936157,
				0.6230999827384949,
				0.5788999795913696,
				0.6030999422073364,
				0.6486999988555908,
				0.48680001497268677,
				0.6617000102996826,
				0.6984999775886536,
				0.47269999980926514,
				0.6388000249862671,
				0.6205999851226807,
				0.6808000802993774,
				0.7188999652862549,
				0.6015000343322754,
				0.7522000074386597,
				0.7299000024795532,
				0.6730000376701355,
				0.7581999897956848,
				0.6934000253677368,
				0.621999979019165,
				0.6872000098228455,
				0.7941000461578369,
				0.6367999911308289,
				0.7772000432014465,
				0.7062000036239624,
				0.7515999674797058,
				0.7072000503540039,
				0.7844000458717346,
				0.7202000021934509,
				0.7587000131607056,
				0.7006000280380249,
				0.7055999636650085,
				0.7199999690055847,
				0.8059999942779541,
				0.7400000095367432,
				0.6895999908447266,
				0.7875000238418579,
				0.7458000183105469,
				0.7209999561309814,
				0.7546000480651855,
				0.7223999500274658,
				0.7199000120162964,
				0.702299952507019,
				0.7210000157356262,
				0.7712999582290649,
				0.7299000024795532,
				0.669700026512146,
				0.7989000082015991,
				0.7340999841690063,
				0.748699963092804,
				0.7211999893188477,
				0.722100019454956,
				0.6974999904632568,
				0.7289999723434448,
				0.7683000564575195,
				0.7840999960899353,
				0.7580000162124634,
				0.6929000020027161,
				0.5602999925613403,
				0.7634000182151794,
				0.7524999380111694,
				0.6890000104904175,
				0.7648999691009521,
				0.6884000301361084,
				0.7074999809265137,
				0.8300000429153442,
				0.7653999328613281,
				0.41019999980926514,
				0.6699999570846558,
				0.6708000302314758,
				0.7704000473022461,
				0.7930999994277954,
				0.76910001039505,
				0.7278000116348267,
				0.7095000147819519,
				0.7368999719619751,
				0.7754000425338745,
				0.8133000135421753,
				0.7537999749183655,
				0.7813999652862549,
				0.6792999505996704,
				0.7641000151634216,
				0.7927999496459961,
				0.7648999691009521,
				0.7717000246047974,
				0.7875000238418579,
				0.7003999948501587,
				0.7994999885559082,
				0.6843999624252319,
				0.7842999696731567,
				0.7781999707221985,
				0.8026000261306763,
				0.795699954032898,
				0.7789999842643738,
				0.7939000129699707,
				0.7711999416351318,
				0.7121000289916992,
				0.7486000061035156,
				0.784600019454956,
				0.7676999568939209,
				0.7153000235557556,
				0.7962999939918518,
				0.621999979019165,
				0.7498999834060669,
				0.8035999536514282,
				0.718500018119812,
				0.7667999863624573,
				0.7813000082969666,
				0.7831000089645386,
				0.8208000063896179,
				0.7777999639511108,
				0.7509999871253967,
				0.7558000087738037,
				0.6991999745368958,
				0.737500011920929,
				0.7993999719619751,
				0.7036999464035034,
				0.8065999746322632,
				0.7591999769210815,
				0.7448999881744385,
				0.8021000027656555,
				0.7857999801635742,
				0.8129000067710876,
				0.8129000067710876,
				0.7357000112533569,
				0.8055999875068665,
				0.774399995803833,
				0.8077000379562378,
				0.8069000244140625,
				0.7698999643325806,
				0.8026999831199646,
				0.7960000038146973,
				0.7378999590873718,
				0.8188999891281128,
				0.8052999973297119,
				0.7953999638557434,
				0.7887000441551208,
				0.8019000291824341,
				0.8078999519348145,
				0.7910000085830688,
				0.7753000259399414,
				0.7990999817848206,
				0.8120999932289124,
				0.7800999879837036,
				0.7705000042915344,
				0.7748000025749207,
				0.7761000394821167,
				0.795799970626831,
				0.7994999885559082,
				0.8019999861717224,
				0.8400999903678894,
				0.7368999719619751,
				0.7984000444412231,
				0.7440999746322632,
				0.8135999441146851,
				0.7982000112533569,
				0.7860000133514404,
				0.8087000250816345,
				0.8044999837875366,
				0.752500057220459,
				0.8068000078201294,
				0.8242999911308289,
				0.8230000138282776,
				0.8136999607086182,
				0.7771999835968018,
				0.7574999928474426,
				0.7783000469207764,
				0.8047999739646912,
				0.7934000492095947,
				0.7925000190734863,
				0.7967999577522278,
				0.825700044631958,
				0.7906999588012695,
				0.8015999794006348,
				0.7824000120162964,
				0.7605999708175659,
				0.7879999876022339,
				0.79339998960495,
				0.7759000062942505,
				0.7689999938011169,
				0.822100043296814,
				0.7490000128746033,
				0.7973999977111816,
				0.7831000089645386,
				0.785099983215332,
				0.8004000186920166,
				0.7894999980926514,
				0.7919999957084656,
				0.7925000190734863,
				0.7928999662399292,
				0.8011999726295471,
				0.7829999923706055,
				0.7583000063896179,
				0.8057999610900879,
				0.8065999746322632,
				0.8164999485015869,
				0.7753999829292297,
				0.7903000116348267,
				0.7741000056266785,
				0.794700026512146,
				0.7838000059127808,
				0.7710000276565552,
				0.8084999918937683,
				0.8131999969482422,
				0.7671000361442566,
				0.7864000201225281,
				0.7860999703407288,
				0.7825999855995178,
				0.7912999987602234,
				0.789900004863739,
				0.7890000343322754,
				0.7867000102996826,
				0.8095999956130981,
				0.809499979019165,
				0.7849000096321106,
				0.7750000953674316,
				0.7835999727249146,
				0.7676999568939209,
				0.7826000452041626,
				0.792699933052063,
				0.7376999855041504,
				0.7786999940872192,
				0.7818999886512756,
				0.7519999742507935,
				0.8111000061035156,
				0.8009999990463257,
				0.8119999766349792,
				0.8073999881744385,
				0.8141000270843506,
				0.7911999821662903,
				0.7904000282287598,
				0.7795000076293945,
				0.7782000303268433,
				0.8237000107765198,
				0.8069000244140625,
				0.7670000195503235,
				0.7925000190734863,
				0.7822999954223633,
				0.7506999969482422,
				0.7828999757766724,
				0.8240000605583191,
				0.811199963092804,
				0.7796000242233276,
				0.7932000160217285,
				0.7883000373840332,
				0.7968999743461609,
				0.7836999893188477,
				0.7892999649047852,
				0.7896999716758728,
				0.7879999876022339,
				0.7989000082015991,
				0.780299961566925,
				0.7854000329971313,
				0.7834000587463379,
				0.7882000207901001,
				0.7674000263214111,
				0.8029000163078308,
				0.769599974155426,
				0.7470999956130981,
				0.7621999979019165,
				0.7903000116348267,
				0.8080999851226807,
				0.7504000067710876,
				0.7688000202178955,
				0.7745999693870544,
				0.7617000341415405,
				0.8162000179290771,
				0.7802000045776367,
				0.788599967956543,
				0.7930999994277954,
				0.7888000011444092,
				0.7783000469207764,
				0.7947999835014343,
				0.7864999771118164,
				0.7790999412536621,
				0.8126000165939331,
				0.8109999895095825,
				0.786899983882904,
				0.7996000051498413,
				0.7527999877929688,
				0.7929999828338623,
				0.7562999725341797,
				0.777999997138977,
				0.781999945640564,
				0.7288999557495117,
				0.7146999835968018,
				0.7768999338150024,
				0.7633000612258911,
				0.7648000121116638,
				0.7904000282287598,
				0.7926999926567078,
				0.7635000348091125,
				0.7583000063896179,
				0.7502000331878662,
				0.749500036239624,
				0.7554999589920044,
				0.7721999883651733,
				0.753000020980835,
				0.762499988079071,
				0.7620999813079834,
				0.7942999601364136,
				0.7925000190734863,
				0.7542999982833862,
				0.7730000019073486,
				0.7761000394821167,
				0.787600040435791,
				0.7874999642372131,
				0.7472000122070312,
				0.7896000146865845,
				0.7937999963760376,
				0.7834000587463379,
				0.7858999967575073,
				0.8052999973297119,
				0.7640000581741333,
				0.7710000276565552,
				0.7710999846458435,
				0.7458999752998352,
				0.7942999601364136,
				0.778499960899353,
				0.8046000003814697,
				0.7354999780654907,
				0.79339998960495,
				0.7733999490737915,
				0.7863999605178833,
				0.7910999655723572,
				0.8229000568389893,
				0.7870999574661255,
				0.7502999901771545,
				0.7992000579833984,
				0.7809999585151672,
				0.797700047492981,
				0.7663999795913696,
				0.7967000007629395,
				0.8041999936103821,
				0.8067000508308411,
				0.794700026512146,
				0.7726999521255493,
				0.8091999888420105,
				0.8069000244140625,
				0.804099977016449,
				0.8162000179290771,
				0.7468999624252319,
				0.7353000044822693,
				0.8016999959945679,
				0.7865999937057495,
				0.7978999614715576,
				0.8062000274658203,
				0.817099928855896,
				0.8080000281333923,
				0.7941999435424805,
				0.7927999496459961,
				0.7892000079154968,
				0.7790000438690186,
				0.7943999767303467,
				0.8015999794006348,
				0.8014000058174133,
				0.7724999785423279,
				0.7809000015258789,
				0.7950999736785889,
				0.7757999897003174,
				0.7817000150680542,
				0.8023999929428101,
				0.7936999797821045,
				0.8236000537872314,
				0.7681999802589417,
				0.8014999628067017,
				0.7935000061988831,
				0.8166000247001648,
				0.7983999848365784,
				0.7897000312805176,
				0.7929999828338623,
				0.8106999397277832,
				0.8116000294685364,
				0.8215999603271484,
				0.8051999807357788,
				0.7846999764442444,
				0.805400013923645,
				0.7967999577522278,
				0.7929999828338623,
				0.8112000226974487,
				0.8162000179290771,
				0.789199948310852,
				0.8051999807357788,
				0.8005000352859497,
				0.8238000273704529,
				0.7984999418258667,
				0.7967000007629395,
				0.7574000358581543,
				0.8166999816894531,
				0.7964999675750732,
				0.7918000221252441,
				0.7648999691009521,
				0.805400013923645,
				0.79339998960495,
				0.786300003528595,
				0.7664999961853027,
				0.8147000074386597,
				0.8050000667572021,
				0.7506000399589539,
				0.812000036239624,
				0.8125,
				0.7848999500274658,
				0.8202999830245972,
				0.8104000091552734,
				0.7904999256134033,
				0.7914999723434448,
				0.7962999939918518,
				0.7989000082015991,
				0.8123999834060669,
				0.7842999696731567,
				0.792199969291687,
				0.8287000060081482,
				0.7896000146865845,
				0.7955000400543213,
				0.8073999881744385,
				0.8100999593734741,
				0.798799991607666,
				0.7919999957084656,
				0.7985000610351562,
				0.7619999647140503,
				0.8206000328063965,
				0.7692999839782715,
				0.815500020980835,
				0.746399998664856,
				0.7864000201225281,
				0.7878999710083008,
				0.7835999727249146,
				0.7869000434875488,
				0.7784000039100647,
				0.8166999816894531,
				0.7863999605178833,
				0.8057999610900879,
				0.8035000562667847,
				0.7998999953269958,
				0.8090000152587891,
				0.8230000138282776,
				0.7559000253677368,
				0.7870999574661255,
				0.7939999103546143,
				0.8136999607086182,
				0.8057000041007996,
				0.7537000179290771,
				0.7755999565124512,
				0.7863000631332397,
				0.7682999968528748,
				0.7819000482559204,
				0.791100025177002,
				0.8208000063896179,
				0.8127000331878662,
				0.8016999959945679,
				0.8070000410079956,
				0.8064999580383301,
				0.79830002784729,
				0.7960999608039856,
				0.7985999584197998,
				0.813200056552887,
				0.7817000150680542,
				0.7906999588012695,
				0.757099986076355,
				0.8251000046730042,
				0.7655999660491943,
				0.7795000076293945,
				0.7998999357223511,
				0.8108000159263611,
				0.7849000096321106,
				0.8062000274658203,
				0.8138999938964844,
				0.812000036239624,
				0.7954000234603882,
				0.786899983882904,
				0.8065000176429749,
				0.8133999705314636,
				0.8089999556541443,
				0.8203999996185303,
				0.7860000133514404,
				0.806399941444397,
				0.7980000376701355,
				0.7982000112533569,
				0.8194999694824219,
				0.784500002861023,
				0.8112000226974487,
				0.8077000379562378,
				0.8008999824523926,
				0.7984999418258667,
				0.8152999877929688,
				0.7869999408721924,
				0.7709000110626221,
				0.8163999915122986,
				0.8289999961853027,
				0.7924000024795532,
				0.7674999833106995,
				0.7968000173568726,
				0.777899980545044,
				0.7689000368118286,
				0.802299976348877,
				0.7687000036239624,
				0.7905999422073364,
				0.8007999658584595,
				0.7890999913215637,
				0.8195000290870667,
				0.8353000283241272,
				0.7958999872207642,
				0.7791000008583069,
				0.8171000480651855,
				0.8069000244140625,
				0.7986999750137329,
				0.822100043296814,
				0.8047000169754028,
				0.760699987411499,
				0.8119999766349792,
				0.795199990272522,
				0.79339998960495,
				0.7997000217437744,
				0.77920001745224,
				0.8251999616622925,
				0.7960000038146973,
				0.794700026512146,
				0.8076000213623047,
				0.799500048160553,
				0.823699951171875,
				0.7979999780654907,
				0.7738000154495239,
				0.8140000104904175,
				0.8091000318527222,
				0.8040000200271606,
				0.8147000074386597,
				0.8144999742507935,
				0.8157999515533447,
				0.8166999816894531,
				0.788599967956543,
				0.8315000534057617,
				0.8109999895095825,
				0.7204999923706055,
				0.8065999746322632,
				0.8082000017166138,
				0.8112999796867371,
				0.8403000235557556,
				0.8276000022888184,
				0.8393999934196472,
				0.8105999827384949,
				0.7948000431060791,
				0.818399965763092,
				0.8372000455856323,
				0.8186999559402466,
				0.8194000124931335,
				0.8099000453948975,
				0.8163000345230103,
				0.7969000339508057,
				0.7062000036239624,
				0.8073999881744385,
				0.7854999303817749,
				0.8090999722480774,
				0.8109999895095825,
				0.8147000074386597,
				0.8316999673843384,
				0.8070999979972839,
				0.7950999736785889,
				0.79830002784729,
				0.8296999931335449,
				0.7975000143051147,
				0.812999963760376,
				0.8241000175476074,
				0.8446999788284302,
				0.8087999820709229,
				0.8070000410079956,
				0.8075000047683716,
				0.8178000450134277,
				0.8020000457763672,
				0.8122999668121338,
				0.7978999614715576,
				0.8111000061035156,
				0.8194000124931335,
				0.8129000067710876,
				0.7869000434875488,
				0.8305999636650085,
				0.7889000177383423,
				0.8216999769210815,
				0.7980999946594238,
				0.8143999576568604,
				0.8259999752044678,
				0.8072999715805054,
				0.7926000356674194,
				0.8048000335693359,
				0.8070000410079956,
				0.8400000333786011,
				0.7944999933242798,
				0.795699954032898,
				0.8269000053405762,
				0.8366999626159668,
				0.8128999471664429,
				0.8006999492645264,
				0.8158000111579895,
				0.8232999444007874,
				0.7979000210762024,
				0.8278999924659729,
				0.8205000162124634,
				0.8339999914169312,
				0.8202000260353088,
				0.8292999863624573,
				0.7957000136375427,
				0.832800030708313,
				0.8222000002861023,
				0.8258999586105347,
				0.8077000379562378,
				0.804099977016449,
				0.7964000701904297,
				0.8176999688148499,
				0.8172999620437622,
				0.7912999987602234,
				0.8292999863624573,
				0.8112000226974487,
				0.8228999972343445,
				0.8356999754905701,
				0.8379999399185181,
				0.8179999589920044,
				0.8415000438690186,
				0.8028000593185425,
				0.817799985408783,
				0.8149000406265259,
				0.8206000328063965,
				0.8274000287055969,
				0.8169000148773193,
				0.8195000290870667,
				0.8086000084877014,
				0.8187000155448914,
				0.7773000597953796,
				0.8077000379562378,
				0.8252000212669373,
				0.8107999563217163,
				0.7985999584197998,
				0.8402999639511108,
				0.8270000219345093,
				0.7831000089645386,
				0.826200008392334,
				0.8080999851226807,
				0.8059999942779541,
				0.7982000112533569,
				0.8172999620437622,
				0.8259000182151794,
				0.8183000087738037,
				0.8273999691009521,
				0.8215000629425049,
				0.798799991607666,
				0.842199981212616,
				0.8252000212669373,
				0.8341000080108643,
				0.8130999803543091,
				0.8203999996185303,
				0.7592999935150146,
				0.8100999593734741,
				0.8194000124931335,
				0.8220000267028809,
				0.8066999912261963,
				0.8069000244140625,
				0.8226000070571899,
				0.8219000101089478,
				0.8417000770568848,
				0.8149000406265259,
				0.7871999740600586,
				0.8240000009536743,
				0.7858999967575073,
				0.8205000162124634,
				0.8036999702453613,
				0.8294000029563904,
				0.8238999843597412,
				0.8394999504089355,
				0.8305999636650085,
				0.8157999515533447,
				0.8410999774932861,
				0.8032000064849854,
				0.8198000192642212,
				0.8191999197006226,
				0.8360999822616577,
				0.8307999968528748,
				0.8361999988555908,
				0.840999960899353,
				0.8316000699996948,
				0.820900022983551,
				0.8027999401092529,
				0.8192999958992004,
				0.8228999972343445,
				0.8080999851226807,
				0.8382999897003174,
				0.8086000084877014,
				0.8174000382423401,
				0.8241999745368958,
				0.8106000423431396,
				0.8035999536514282,
				0.8007000088691711,
				0.8337000608444214,
				0.8208000063896179,
				0.8244000673294067,
				0.8228000402450562,
				0.8306000232696533,
				0.8269000053405762,
				0.8187999725341797,
				0.8245999813079834,
				0.8335999846458435,
				0.8245999813079834,
				0.8246999979019165,
				0.8027000427246094,
				0.8123999834060669,
				0.8183000087738037,
				0.8105000257492065,
				0.8242000341415405,
				0.8248000144958496,
				0.8273000121116638,
				0.7882999777793884,
				0.8282999992370605,
				0.8313000202178955,
				0.8215999603271484,
				0.8208000063896179,
				0.7926000356674194,
				0.833299994468689,
				0.7939000129699707,
				0.788100004196167,
				0.8337000608444214,
				0.8057000637054443,
				0.8292999863624573,
				0.7827999591827393,
				0.7868000268936157,
				0.8011999726295471,
				0.8063000440597534,
				0.826200008392334,
				0.8294999599456787,
				0.813800036907196,
				0.8131999969482422,
				0.8320000171661377,
				0.832099974155426,
				0.7878000140190125,
				0.8179000020027161,
				0.8360999822616577,
				0.8322000503540039,
				0.8220000267028809,
				0.8356999754905701,
				0.8236000537872314,
				0.8256999850273132,
				0.79830002784729,
				0.8125,
				0.819100022315979,
				0.8296999931335449,
				0.8170000314712524,
				0.8258000016212463,
				0.7972999811172485,
				0.8276000022888184,
				0.8271000385284424,
				0.8093000054359436,
				0.8156000375747681,
				0.8141999840736389,
				0.8129000067710876,
				0.8200000524520874,
				0.8380999565124512,
				0.8056999444961548,
				0.8246999979019165,
				0.8136999607086182,
				0.7962999939918518,
				0.8020000457763672,
				0.8306999206542969,
				0.8161999583244324,
				0.8312000036239624,
				0.8111000061035156,
				0.8162000179290771,
				0.8224000334739685,
				0.8082000017166138,
				0.8154000043869019,
				0.8068000078201294,
				0.84579998254776,
				0.8365999460220337,
				0.8402000069618225,
				0.8159999847412109,
				0.8329000473022461,
				0.8179000020027161,
				0.8185999393463135,
				0.8128000497817993,
				0.829800009727478,
				0.8070999979972839,
				0.800000011920929,
				0.8150999546051025,
				0.8151999711990356,
				0.805899977684021,
				0.8270999789237976,
				0.8118000030517578,
				0.8323999643325806,
				0.810699999332428,
				0.8208000063896179,
				0.8122000098228455,
				0.8104000091552734,
				0.8238999843597412,
				0.8274999856948853,
				0.8157999515533447,
				0.829200029373169,
				0.8007000088691711,
				0.8337999582290649,
				0.8269000053405762,
				0.8194999694824219,
				0.8249000310897827,
				0.8251000046730042,
				0.8315000534057617,
				0.8164999485015869,
				0.8277000188827515,
				0.8194999694824219,
				0.8258000016212463,
				0.8162000179290771,
				0.805899977684021,
				0.8105999827384949,
				0.8253999948501587,
				0.8098000288009644,
				0.8263999819755554,
				0.8184000253677368,
				0.8033000230789185,
				0.8293999433517456,
				0.8297999501228333,
				0.832800030708313,
				0.8241999745368958,
				0.8445000052452087,
				0.8371000289916992,
				0.8281999826431274,
				0.8079000115394592,
				0.8056999444961548,
				0.8237000703811646,
				0.8279000520706177,
				0.8133000135421753,
				0.8156000375747681,
				0.8170000314712524,
				0.8172999620437622,
				0.8071999549865723,
				0.8100999593734741,
				0.8303999900817871,
				0.8407999873161316,
				0.8344999551773071,
				0.8296999931335449,
				0.8268999457359314,
				0.8127999901771545,
				0.8244999647140503,
				0.819599986076355,
				0.8416000008583069,
				0.8319000005722046,
				0.818399965763092,
				0.8145999908447266,
				0.816100001335144,
				0.8310999870300293,
				0.8080000281333923,
				0.8421000242233276,
				0.819599986076355,
				0.824400007724762,
				0.8352999687194824,
				0.8113000392913818,
				0.8240000009536743,
				0.8260000348091125,
				0.8138999938964844,
				0.8328999876976013,
				0.8267999887466431,
				0.8080999851226807,
				0.8151000738143921,
				0.8113000392913818,
				0.8253999948501587,
				0.8313999772071838,
				0.8348999619483948,
				0.8413000106811523,
				0.8235000371932983,
				0.8187000155448914,
				0.816100001335144,
				0.8237999677658081,
				0.7946000099182129,
				0.8287999629974365,
				0.8011000156402588,
				0.8150999546051025,
				0.8167999982833862,
				0.8126000165939331,
				0.8292999267578125,
				0.8263999223709106,
				0.7939000129699707,
				0.8443000316619873,
				0.7773000001907349,
				0.8406000137329102,
				0.8337000012397766,
				0.8193999528884888,
				0.8251000046730042,
				0.8147000074386597,
				0.8256000280380249,
				0.802299976348877,
				0.8181999921798706,
				0.8309000730514526,
				0.8301999568939209,
				0.8203999996185303,
				0.8163999915122986,
				0.8023999929428101,
				0.8344000577926636,
				0.8094000220298767,
				0.8037000298500061,
				0.8274999856948853,
				0.8282999992370605,
				0.8353999853134155,
				0.8256000280380249,
				0.8270999789237976,
				0.8288999795913696,
				0.8352999687194824,
				0.8339000344276428,
				0.8206999897956848,
				0.8321000337600708,
				0.8317999839782715,
				0.8201000094413757,
				0.8086999654769897,
				0.8281000256538391,
				0.8237999677658081,
				0.828700065612793,
				0.8136999607086182,
				0.8046000003814697,
				0.822100043296814,
				0.8181999921798706,
				0.8356999754905701,
				0.8185999989509583,
				0.8106000423431396,
				0.8203999996185303,
				0.8163999915122986,
				0.80430006980896,
				0.8267999887466431,
				0.8236000537872314,
				0.8391000032424927,
				0.8100000023841858,
				0.8343000411987305,
				0.8198999762535095,
				0.8375000357627869,
				0.8366000056266785,
				0.8410999774932861,
				0.8237000107765198,
				0.8370000123977661,
				0.8238000273704529,
				0.8237000107765198,
				0.8284000158309937,
				0.8365999460220337,
				0.8069000244140625,
				0.7986999750137329,
				0.8317000269889832,
				0.8319999575614929,
				0.8359000086784363,
				0.8262999653816223,
				0.829200029373169,
				0.828000009059906,
				0.8185000419616699,
				0.8300000429153442,
				0.8101000189781189,
				0.8352999687194824,
				0.8439000248908997,
				0.8245999813079834,
				0.8205000162124634,
				0.8059000372886658,
				0.826200008392334,
				0.8033000230789185,
				0.8215000033378601,
				0.8372999429702759,
				0.8400999903678894,
				0.8136999607086182,
				0.8185000419616699,
				0.8055999279022217,
				0.8077999353408813,
				0.8414999842643738,
				0.8174000382423401,
				0.8286000490188599,
				0.8391000032424927,
				0.8294999599456787,
				0.8327999711036682,
				0.8087999820709229,
				0.8130999803543091,
				0.8212000131607056,
				0.8300000429153442,
				0.810699999332428,
				0.8391000032424927,
				0.816100001335144,
				0.8314000368118286,
				0.8202999830245972,
				0.8098999857902527,
				0.8388000130653381,
				0.8303000330924988,
				0.8249000310897827,
				0.8359000086784363,
				0.8269999623298645,
				0.8345999717712402,
				0.8119000196456909,
				0.8427000045776367,
				0.8400000333786011,
				0.8270999789237976,
				0.8241999745368958,
				0.8119000196456909,
				0.8346999883651733,
				0.8284000158309937,
				0.8250000476837158,
				0.8133000135421753,
				0.8321000337600708,
				0.8255000710487366,
				0.8179000020027161,
				0.8208000063896179,
				0.8343999981880188,
				0.8331000208854675,
				0.8316999673843384,
				0.8267999887466431,
				0.8238999843597412,
			),
		),

		lq.plot(
			label: [Exp2],
			every: none,
			/* X */
			(
				1,
				3,
				4,
				5,
				10,
				11,
				12,
				15,
				16,
				17,
				19,
				20,
				21,
				23,
				24,
				27,
				28,
				29,
				30,
				31,
				34,
				35,
				37,
				38,
				39,
				40,
				41,
				48,
				49,
				50,
				51,
				52,
				53,
				54,
				55,
				56,
				58,
				61,
				62,
				63,
				64,
				66,
				67,
				68,
				69,
				71,
				72,
				74,
				76,
				78,
				79,
				80,
				81,
				83,
				84,
				86,
				87,
				88,
				90,
				91,
				96,
				100,
				101,
				104,
				105,
				107,
				108,
				109,
				110,
				111,
				112,
				113,
				115,
				116,
				117,
				122,
				126,
				127,
				129,
				130,
				131,
				132,
				133,
				135,
				137,
				138,
				139,
				140,
				144,
				145,
				146,
				147,
				148,
				151,
				155,
				157,
				158,
				160,
				161,
				163,
				164,
				165,
				167,
				169,
				171,
				172,
				173,
				175,
				176,
				177,
				178,
				179,
				181,
				182,
				183,
				184,
				185,
				186,
				187,
				190,
				191,
				192,
				193,
				196,
				199,
				200,
				201,
				203,
				204,
				205,
				206,
				208,
				210,
				212,
				214,
				216,
				217,
				219,
				220,
				221,
				222,
				223,
				225,
				226,
				227,
				230,
				233,
				235,
				236,
				237,
				238,
				239,
				240,
				242,
				243,
				245,
				246,
				247,
				248,
				250,
				253,
				254,
				255,
				258,
				259,
				260,
				261,
				263,
				264,
				269,
				271,
				272,
				275,
				276,
				277,
				279,
				280,
				281,
				282,
				283,
				284,
				285,
				286,
				288,
				289,
				291,
				292,
				296,
				297,
				298,
				299,
				300,
				301,
				305,
				306,
				307,
				308,
				309,
				310,
				313,
				314,
				315,
				316,
				317,
				319,
				320,
				323,
				325,
				328,
				330,
				331,
				332,
				333,
				334,
				338,
				339,
				341,
				343,
				344,
				345,
				346,
				347,
				349,
				350,
				351,
				353,
				354,
				355,
				356,
				358,
				359,
				361,
				362,
				363,
				364,
				365,
				366,
				367,
				368,
				369,
				370,
				375,
				376,
				378,
				379,
				383,
				385,
				386,
				387,
				390,
				391,
				392,
				393,
				394,
				395,
				396,
				397,
				398,
				399,
				400,
				401,
				402,
				403,
				405,
				407,
				408,
				409,
				410,
				413,
				414,
				415,
				416,
				419,
				420,
				422,
				423,
				426,
				427,
				428,
				430,
				431,
				432,
				435,
				436,
				437,
				438,
				439,
				440,
				441,
				442,
				444,
				445,
				446,
				447,
				451,
				452,
				453,
				454,
				455,
				457,
				459,
				461,
				462,
				463,
				465,
				466,
				467,
				469,
				471,
				472,
				474,
				475,
				476,
				479,
				480,
				481,
				482,
				483,
				484,
				485,
				487,
				488,
				489,
				490,
				491,
				492,
				495,
				496,
				498,
				499,
				500,
				502,
				503,
				504,
				507,
				508,
				509,
				510,
				511,
				512,
				513,
				514,
				515,
				517,
				518,
				519,
				520,
				521,
				522,
				524,
				527,
				531,
				534,
				535,
				536,
				537,
				538,
				539,
				540,
				541,
				542,
				543,
				544,
				545,
				547,
				548,
				551,
				553,
				554,
				555,
				556,
				557,
				559,
				563,
				564,
				565,
				567,
				568,
				569,
				570,
				572,
				574,
				577,
				581,
				585,
				586,
				587,
				589,
				590,
				591,
				592,
				593,
				595,
				596,
				597,
				598,
				599,
				600,
				602,
				603,
				604,
				606,
				608,
				609,
				610,
				611,
				614,
				615,
				617,
				618,
				619,
				621,
				623,
				624,
				626,
				627,
				628,
				629,
				630,
				633,
				634,
				635,
				636,
				638,
				641,
				642,
				643,
				644,
				645,
				646,
				649,
				650,
				652,
				653,
				654,
				655,
				656,
				659,
				660,
				661,
				668,
				670,
				671,
				674,
				676,
				677,
				678,
				679,
				680,
				681,
				683,
				684,
				685,
				686,
				688,
				689,
				690,
				691,
				693,
				694,
				695,
				696,
				697,
				698,
				700,
				703,
				704,
				706,
				710,
				711,
				713,
				714,
				716,
				718,
				720,
				721,
				722,
				724,
				725,
				726,
				727,
				728,
				729,
				730,
				731,
				732,
				733,
				734,
				739,
				740,
				741,
				743,
				744,
				745,
				746,
				747,
				752,
				753,
				756,
				757,
				759,
				760,
				764,
				765,
				766,
				768,
				769,
				770,
				771,
				772,
				773,
				774,
				776,
				777,
				778,
				779,
				780,
				781,
				782,
				783,
				784,
				787,
				789,
				790,
				792,
				794,
				795,
				796,
				797,
				798,
				800,
				801,
				805,
				806,
				807,
				808,
				811,
				812,
				814,
				818,
				819,
				820,
				821,
				822,
				823,
				824,
				825,
				826,
				827,
				828,
				829,
				831,
				833,
				834,
				836,
				837,
				838,
				840,
				841,
				843,
				844,
				846,
				848,
				851,
				852,
				855,
				857,
				858,
				859,
				861,
				862,
				863,
				866,
				867,
				869,
				871,
				872,
				877,
				878,
				881,
				882,
				883,
				884,
				885,
				886,
				887,
				888,
				889,
				891,
				893,
				894,
				896,
				898,
				899,
				902,
				903,
				905,
				906,
				907,
				908,
				909,
				911,
				912,
				914,
				915,
				917,
				918,
				919,
				920,
				921,
				922,
				924,
				928,
				929,
				930,
				931,
				932,
				933,
				934,
				935,
				936,
				940,
				942,
				943,
				946,
				947,
				948,
				950,
				951,
				953,
				955,
				956,
				957,
				960,
				961,
				962,
				963,
				964,
				965,
				966,
				968,
				969,
				972,
				977,
				979,
				980,
				981,
				982,
				983,
				984,
				987,
				988,
				989,
				990,
				991,
				993,
				995,
				996,
				997,
				999,
				1000,
				1001,
				1002,
				1003,
				1004,
				1005,
				1006,
				1007,
				1008,
				1012,
				1014,
				1015,
				1016,
				1017,
				1018,
				1021,
				1023,
				1027,
				1029,
				1030,
				1032,
				1036,
				1037,
				1038,
				1039,
				1040,
				1044,
				1046,
				1047,
				1050,
				1053,
				1054,
				1055,
				1057,
				1059,
				1060,
				1061,
				1063,
				1064,
				1066,
				1067,
				1068,
				1070,
				1071,
				1072,
				1073,
				1074,
				1075,
				1078,
				1079,
				1081,
				1082,
				1083,
				1084,
				1086,
				1087,
				1088,
				1089,
				1092,
				1093,
				1094,
				1099,
				1101,
				1103,
				1104,
				1105,
				1108,
				1109,
				1110,
				1111,
				1112,
				1113,
				1114,
				1115,
				1117,
				1118,
				1120,
				1121,
				1122,
				1123,
				1126,
				1127,
				1129,
				1130,
				1131,
				1132,
				1133,
				1134,
				1135,
				1136,
				1137,
				1138,
				1140,
				1141,
				1143,
				1144,
				1146,
				1147,
				1149,
				1150,
				1151,
				1152,
				1153,
				1154,
				1156,
				1160,
				1161,
				1163,
				1165,
				1166,
				1167,
				1168,
				1169,
				1173,
				1174,
				1175,
				1177,
				1178,
				1179,
				1181,
				1183,
				1185,
				1187,
				1189,
				1190,
				1191,
				1194,
				1195,
				1196,
				1197,
				1198,
				1199,
				1202,
				1203,
				1206,
				1207,
				1208,
				1210,
				1211,
				1214,
				1215,
				1216,
				1218,
				1219,
				1222,
				1223,
				1224,
				1226,
				1229,
				1230,
				1233,
				1234,
				1235,
				1239,
				1241,
				1242,
				1243,
				1244,
				1245,
				1246,
				1247,
				1250,
				1251,
				1252,
				1253,
				1255,
				1257,
				1258,
				1261,
				1262,
				1264,
				1265,
				1266,
				1267,
				1268,
				1269,
				1272,
				1273,
				1277,
				1278,
				1279,
				1280,
				1281,
				1283,
				1284,
				1286,
				1287,
				1289,
				1291,
				1292,
				1293,
				1294,
				1296,
				1297,
				1299,
				1300,
				1302,
				1303,
				1305,
				1306,
				1307,
				1308,
				1311,
				1313,
				1314,
				1315,
				1316,
				1320,
				1321,
				1323,
				1324,
				1325,
				1326,
				1327,
				1329,
				1334,
				1336,
				1342,
				1343,
				1345,
				1346,
				1348,
				1349,
				1352,
				1353,
				1355,
				1356,
				1357,
				1358,
				1359,
				1361,
				1364,
				1365,
				1366,
				1367,
				1368,
				1369,
				1373,
				1374,
				1375,
				1376,
				1377,
				1381,
				1382,
				1386,
				1387,
				1388,
				1391,
				1392,
				1394,
				1395,
				1397,
				1398,
				1400,
				1401,
				1403,
				1404,
				1405,
				1406,
				1407,
				1408,
				1414,
				1417,
				1418,
				1420,
				1422,
				1423,
				1426,
				1427,
				1429,
				1432,
				1433,
				1434,
				1435,
				1437,
				1439,
				1440,
				1441,
				1442,
				1445,
				1447,
				1448,
				1449,
				1450,
				1451,
				1452,
				1453,
				1455,
				1456,
				1457,
				1458,
				1459,
				1460,
				1461,
				1462,
				1463,
				1464,
				1465,
				1471,
				1474,
				1475,
				1477,
				1478,
				1482,
				1483,
				1484,
				1485,
				1488,
				1489,
				1490,
				1491,
				1492,
				1494,
				1495,
				1499,
				1500,
				1501,
				1503,
				1505,
				1506,
				1510,
				1511,
				1512,
				1513,
				1514,
				1516,
				1517,
				1521,
				1524,
				1527,
				1529,
				1531,
				1534,
				1535,
				1538,
				1539,
				1540,
				1541,
				1542,
				1546,
			),

			/* Y */
			(
				2606336.0,
				6132352.0,
				1299968.0,
				2077312.0,
				6668928.0,
				2585216.0,
				6718720.0,
				12465408.0,
				1540736.0,
				1095296.0,
				10265856.0,
				4592896.0,
				533120.0,
				473856.0,
				1138752.0,
				4159872.0,
				5124736.0,
				34103936.0,
				112446112.0,
				1771776.0,
				30824448.0,
				20674432.0,
				728384.0,
				2026752.0,
				90532192.0,
				4343040.0,
				291326208.0,
				5617664.0,
				144008448.0,
				9797120.0,
				145467776.0,
				84524032.0,
				106820864.0,
				201402624.0,
				128673280.0,
				93037568.0,
				431055104.0,
				92274688.0,
				91131904.0,
				50931584.0,
				53421120.0,
				13059008.0,
				79030784.0,
				344109056.0,
				77555456.0,
				109122560.0,
				517668864.0,
				76099072.0,
				739197376.0,
				480231168.0,
				231735296.0,
				44311040.0,
				378179584.0,
				483124736.0,
				362384384.0,
				166192896.0,
				65677312.0,
				96693888.0,
				61261824.0,
				589244416.0,
				537776128.0,
				152977408.0,
				147255296.0,
				1492582400.0,
				902037504.0,
				140449024.0,
				647954432.0,
				52006912.0,
				654557184.0,
				452493312.0,
				37766144.0,
				396787712.0,
				172740608.0,
				59408384.0,
				117981184.0,
				695795712.0,
				526116864.0,
				1298399232.0,
				630521856.0,
				145446912.0,
				585554944.0,
				972521472.0,
				495349760.0,
				1030684672.0,
				126226432.0,
				158498816.0,
				810909696.0,
				343932928.0,
				682204032.0,
				370851840.0,
				82445312.0,
				771751936.0,
				938311680.0,
				520880128.0,
				244310016.0,
				122109952.0,
				314376192.0,
				817725440.0,
				516354304.0,
				341617920.0,
				676069376.0,
				48301952.0,
				607918080.0,
				431685632.0,
				158343168.0,
				801439744.0,
				1379532800.0,
				1060110336.0,
				99905536.0,
				575569920.0,
				273567744.0,
				432716288.0,
				325681152.0,
				348487680.0,
				73669632.0,
				635240448.0,
				538075136.0,
				473923584.0,
				696741888.0,
				310624256.0,
				318472192.0,
				18898944.0,
				158519296.0,
				265256960.0,
				431175680.0,
				1075019776.0,
				374439936.0,
				1194721280.0,
				282648576.0,
				467460096.0,
				167125632.0,
				171977472.0,
				139602944.0,
				546242560.0,
				260839424.0,
				577830912.0,
				422150144.0,
				280690688.0,
				381386752.0,
				79026176.0,
				487518208.0,
				490776576.0,
				78437376.0,
				336576512.0,
				180212736.0,
				83504128.0,
				412130304.0,
				95490048.0,
				870580224.0,
				177620480.0,
				341815296.0,
				271163392.0,
				295239680.0,
				433897472.0,
				639107072.0,
				461504512.0,
				413810688.0,
				244719616.0,
				292380672.0,
				118436864.0,
				162865152.0,
				666775552.0,
				294877184.0,
				359475200.0,
				383737856.0,
				303234816.0,
				896016384.0,
				326664192.0,
				82259968.0,
				161808384.0,
				195301376.0,
				249307136.0,
				397403136.0,
				394035200.0,
				817463296.0,
				584429568.0,
				595140608.0,
				534915072.0,
				176113664.0,
				137281536.0,
				77811712.0,
				238084096.0,
				142688256.0,
				1060583424.0,
				158580736.0,
				209227776.0,
				267386880.0,
				283443200.0,
				651239424.0,
				222729216.0,
				104756992.0,
				695664640.0,
				526183424.0,
				421654528.0,
				74167808.0,
				193446400.0,
				859959296.0,
				856588288.0,
				586817536.0,
				137117696.0,
				808034304.0,
				316008448.0,
				395968512.0,
				237765632.0,
				84250368.0,
				1025228800.0,
				233803776.0,
				173252608.0,
				551092224.0,
				101540864.0,
				246437888.0,
				400477696.0,
				151314432.0,
				481384448.0,
				148519936.0,
				135694336.0,
				517330688.0,
				256245760.0,
				149777408.0,
				89260032.0,
				334671872.0,
				555773952.0,
				241438720.0,
				41712128.0,
				251310080.0,
				159864832.0,
				619528192.0,
				290385920.0,
				97554432.0,
				375062528.0,
				373784576.0,
				220831744.0,
				218250240.0,
				227758080.0,
				102309120.0,
				151515136.0,
				711122944.0,
				953503232.0,
				284580864.0,
				343066624.0,
				368473088.0,
				40278016.0,
				542269440.0,
				964417536.0,
				548966400.0,
				491742208.0,
				222491648.0,
				255594496.0,
				374198272.0,
				252995584.0,
				489973120.0,
				296192000.0,
				178411520.0,
				319608064.0,
				79634432.0,
				165453824.0,
				417756160.0,
				161236992.0,
				165228032.0,
				640937984.0,
				61001472.0,
				77411840.0,
				53735424.0,
				209268736.0,
				439237632.0,
				53663616.0,
				66427904.0,
				170901504.0,
				765771776.0,
				407576576.0,
				47771648.0,
				87781120.0,
				353632256.0,
				94545920.0,
				38943232.0,
				555836416.0,
				185217024.0,
				155482880.0,
				290833408.0,
				870434816.0,
				486687744.0,
				153636864.0,
				93468672.0,
				130107392.0,
				28147712.0,
				39378944.0,
				50003712.0,
				6902144.0,
				34547200.0,
				360693760.0,
				271873280.0,
				125922816.0,
				203116544.0,
				131895296.0,
				139055104.0,
				60301312.0,
				164667520.0,
				22041088.0,
				24477184.0,
				216412160.0,
				149655552.0,
				203783168.0,
				25915392.0,
				154484736.0,
				417071104.0,
				71350272.0,
				136692736.0,
				125630720.0,
				166166528.0,
				79890432.0,
				24932352.0,
				271990784.0,
				250286080.0,
				206327808.0,
				73226496.0,
				132096000.0,
				91066368.0,
				537460736.0,
				264774656.0,
				251850752.0,
				614711296.0,
				104378368.0,
				550977536.0,
				33493760.0,
				40194048.0,
				60784640.0,
				273121280.0,
				94793728.0,
				267730944.0,
				110657536.0,
				18871552.0,
				56295424.0,
				127291392.0,
				236728320.0,
				36455424.0,
				613236736.0,
				366772224.0,
				91369472.0,
				63557632.0,
				60392448.0,
				265977856.0,
				129914880.0,
				269236224.0,
				467435520.0,
				65162752.0,
				126140416.0,
				388702208.0,
				467976192.0,
				145018880.0,
				228417536.0,
				271127552.0,
				254345216.0,
				284008448.0,
				295993344.0,
				477663232.0,
				37042176.0,
				40256512.0,
				130445312.0,
				342179840.0,
				152674304.0,
				65613824.0,
				384515072.0,
				151185408.0,
				27676672.0,
				558448640.0,
				233603072.0,
				220528640.0,
				582418432.0,
				561250304.0,
				340066304.0,
				322338816.0,
				163952256.0,
				322994176.0,
				122912768.0,
				171646976.0,
				441147392.0,
				521093120.0,
				316342272.0,
				349339648.0,
				432472064.0,
				933953536.0,
				238419968.0,
				84578304.0,
				236748800.0,
				49942528.0,
				242274304.0,
				323098624.0,
				527503360.0,
				601812992.0,
				98091008.0,
				52232192.0,
				301522944.0,
				269804544.0,
				83046400.0,
				472186880.0,
				113950720.0,
				527630336.0,
				260505600.0,
				67044352.0,
				76455936.0,
				185972736.0,
				39632384.0,
				199639040.0,
				363528192.0,
				150142976.0,
				126836736.0,
				216371200.0,
				113390592.0,
				207568896.0,
				726433792.0,
				589684736.0,
				569114624.0,
				647168000.0,
				97705984.0,
				158150656.0,
				436830208.0,
				74270720.0,
				444104704.0,
				192470016.0,
				420179968.0,
				114331648.0,
				494084096.0,
				548911104.0,
				420298752.0,
				33202176.0,
				363897600.0,
				63512576.0,
				70770688.0,
				407388160.0,
				19941376.0,
				101588992.0,
				413368320.0,
				355500032.0,
				217325568.0,
				110739456.0,
				513703936.0,
				229441536.0,
				644390912.0,
				279146496.0,
				808288256.0,
				252158720.0,
				81506304.0,
				192704512.0,
				263012352.0,
				124630272.0,
				67283968.0,
				63008768.0,
				61275136.0,
				422182912.0,
				636436480.0,
				752443392.0,
				126291968.0,
				396705792.0,
				199798784.0,
				210255872.0,
				287604736.0,
				182272000.0,
				169074688.0,
				410935296.0,
				829259776.0,
				177668096.0,
				24790016.0,
				609091584.0,
				37433344.0,
				187727872.0,
				142426112.0,
				225984512.0,
				173244416.0,
				210477056.0,
				213172224.0,
				75227136.0,
				182136832.0,
				373981184.0,
				126877696.0,
				71368704.0,
				62701568.0,
				521179136.0,
				49246208.0,
				208994304.0,
				85647360.0,
				240181248.0,
				165388288.0,
				104890368.0,
				272945152.0,
				535707648.0,
				53854208.0,
				89954304.0,
				115507200.0,
				62291968.0,
				201846784.0,
				142229504.0,
				171679744.0,
				330596352.0,
				18871296.0,
				848494592.0,
				30179328.0,
				164974592.0,
				876609536.0,
				257376256.0,
				323809280.0,
				73359360.0,
				66027520.0,
				619417600.0,
				346636288.0,
				56066048.0,
				53559808.0,
				112697344.0,
				139476992.0,
				72155136.0,
				242958336.0,
				106647552.0,
				74045440.0,
				151228416.0,
				45162496.0,
				58900480.0,
				245999616.0,
				120270848.0,
				395067392.0,
				371523584.0,
				134411264.0,
				381124608.0,
				261554176.0,
				269238272.0,
				68337664.0,
				925892608.0,
				486793216.0,
				516554752.0,
				45445120.0,
				255639552.0,
				140146688.0,
				250314752.0,
				512196608.0,
				80744448.0,
				178831360.0,
				519717888.0,
				938803200.0,
				164184064.0,
				46342144.0,
				111566848.0,
				302604288.0,
				308707328.0,
				261537792.0,
				68370432.0,
				270816768.0,
				326563840.0,
				172507136.0,
				308101120.0,
				87783424.0,
				532848640.0,
				351776768.0,
				61452288.0,
				574554112.0,
				112730112.0,
				56287232.0,
				239435776.0,
				400072704.0,
				375193600.0,
				149127168.0,
				80744448.0,
				53473280.0,
				574140416.0,
				189153280.0,
				67065856.0,
				126484480.0,
				236830720.0,
				372817920.0,
				127090688.0,
				103412736.0,
				52396032.0,
				153452544.0,
				95920128.0,
				266698752.0,
				57733120.0,
				128028672.0,
				200671232.0,
				232247296.0,
				96782336.0,
				200851456.0,
				80411648.0,
				175849472.0,
				136572928.0,
				163942400.0,
				293093376.0,
				147062784.0,
				207001600.0,
				360579072.0,
				159719424.0,
				378191872.0,
				64454656.0,
				99565568.0,
				620331008.0,
				640185600.0,
				264007680.0,
				46886912.0,
				140697600.0,
				355782656.0,
				133431296.0,
				222773248.0,
				211304448.0,
				188014592.0,
				313794560.0,
				279527424.0,
				110473216.0,
				194428928.0,
				194363392.0,
				151437312.0,
				151244800.0,
				54226944.0,
				81899520.0,
				312000512.0,
				175071232.0,
				73211904.0,
				188014592.0,
				167088128.0,
				385351680.0,
				265732096.0,
				292077568.0,
				79564800.0,
				417906688.0,
				59179008.0,
				304005120.0,
				160874496.0,
				370462720.0,
				191676416.0,
				299397120.0,
				720027648.0,
				302542848.0,
				594198528.0,
				223707136.0,
				87101440.0,
				374714368.0,
				390627328.0,
				532344832.0,
				363675648.0,
				443072512.0,
				616693760.0,
				387809280.0,
				258736128.0,
				333807616.0,
				66256896.0,
				277594112.0,
				184041472.0,
				214646784.0,
				242958336.0,
				174637056.0,
				50589696.0,
				300098304.0,
				359448576.0,
				200818688.0,
				367542272.0,
				142295040.0,
				55357440.0,
				222220288.0,
				251183104.0,
				194428928.0,
				155111424.0,
				287752192.0,
				300728320.0,
				203997184.0,
				285630464.0,
				148656128.0,
				109121536.0,
				321224704.0,
				248807424.0,
				150142976.0,
				258523136.0,
				237428736.0,
				135135232.0,
				378257408.0,
				359333888.0,
				284803072.0,
				206258176.0,
				189657088.0,
				144359424.0,
				190201856.0,
				430784512.0,
				254044672.0,
				258785280.0,
				363675648.0,
				239812608.0,
				244039680.0,
				283131904.0,
				266158080.0,
				225918976.0,
				50581504.0,
				260521984.0,
				187219968.0,
				214646784.0,
				149307392.0,
				175652864.0,
				251346944.0,
				268853248.0,
				141720192.0,
				293027840.0,
				146292736.0,
				743063552.0,
				181846016.0,
				177913856.0,
				206258176.0,
				367902720.0,
				214646784.0,
				192364544.0,
				211468288.0,
				151228416.0,
				363675648.0,
				102367232.0,
				648866304.0,
				306921472.0,
				239812608.0,
				439779328.0,
				180862976.0,
				222773248.0,
				709885952.0,
				172703744.0,
				181092352.0,
				109138688.0,
				191676416.0,
				97775616.0,
				56399488.0,
				200065024.0,
				49502208.0,
				311148544.0,
				30045184.0,
				50098176.0,
				169050112.0,
				178491392.0,
				318259200.0,
				225230848.0,
				156549120.0,
				300433408.0,
				218521600.0,
				164282368.0,
				210896128.0,
				220774400.0,
				226967552.0,
				182861824.0,
				209403904.0,
				293027840.0,
				209338368.0,
				435011584.0,
				74084352.0,
				295485440.0,
				177598464.0,
				131514368.0,
				147537920.0,
				438157312.0,
				155893760.0,
				166510592.0,
				215695360.0,
				266158080.0,
				168280064.0,
				152453120.0,
				194691072.0,
				158752768.0,
				336756736.0,
				181059584.0,
				240861184.0,
				363675648.0,
				200572928.0,
				147881984.0,
				184041472.0,
				240369664.0,
				177651712.0,
				231129088.0,
				131514368.0,
				176996352.0,
				347619328.0,
				182861824.0,
				182140928.0,
				261537792.0,
				295092224.0,
				417906688.0,
				326582272.0,
				291323904.0,
				196624384.0,
				127320064.0,
				184041472.0,
				288931840.0,
				144359424.0,
				283537408.0,
				194428928.0,
				197574656.0,
				335069184.0,
				144097280.0,
				219561984.0,
				306921472.0,
				194379776.0,
				144097280.0,
				247906304.0,
				225918976.0,
				374759424.0,
				214351872.0,
				118898688.0,
				306921472.0,
				262471680.0,
				212099072.0,
				631652352.0,
				225230848.0,
				211974784.0,
				282804224.0,
				249970688.0,
				220774400.0,
				232472576.0,
				161476608.0,
				373964800.0,
				186007552.0,
				182992896.0,
				388546560.0,
				216416256.0,
				424198144.0,
				170123264.0,
				303939584.0,
				130465792.0,
				387530752.0,
				390545408.0,
				170319872.0,
				207831040.0,
				256327680.0,
				382205952.0,
				270188544.0,
				359448576.0,
				126201856.0,
				311869440.0,
				267960320.0,
				253116416.0,
				216106240.0,
				135675904.0,
				242958336.0,
				314064896.0,
				110804992.0,
				294076416.0,
				411811840.0,
				378191872.0,
				232472576.0,
				232177664.0,
				190201856.0,
				199639040.0,
				98975744.0,
				451493888.0,
				227983360.0,
				302432256.0,
				132530176.0,
				98975744.0,
				372670464.0,
				118898688.0,
				331931648.0,
				305254400.0,
				375963648.0,
				242073600.0,
				260972544.0,
				303939584.0,
				123940864.0,
				210599936.0,
				246865920.0,
				303939584.0,
				179728384.0,
				450445312.0,
				194428928.0,
				413745152.0,
				239812608.0,
				273367040.0,
				344219648.0,
				387809280.0,
				148586496.0,
				147505152.0,
				252035072.0,
				62615552.0,
				222773248.0,
				199049216.0,
				246702080.0,
				164020224.0,
				173953024.0,
				240861184.0,
				144097280.0,
				94494720.0,
				316358656.0,
				575668224.0,
				232472576.0,
				144097280.0,
				280739840.0,
				227983360.0,
				99991552.0,
				218841088.0,
				215695360.0,
				227229696.0,
				227983360.0,
				247185408.0,
				397885440.0,
				273367040.0,
				274415616.0,
				291192832.0,
				176996352.0,
				244039680.0,
				264683520.0,
				367902720.0,
				257638400.0,
				282804224.0,
				148586496.0,
				340475904.0,
				572375040.0,
				250134528.0,
				200523776.0,
				296566784.0,
				136724480.0,
				347848704.0,
				257638400.0,
				162185216.0,
				159670272.0,
				263553024.0,
				173424640.0,
				110710784.0,
				201768960.0,
				118898688.0,
				149307392.0,
				227229696.0,
				194428928.0,
				185286656.0,
				135675904.0,
				260861952.0,
				222740480.0,
				215695360.0,
				295092224.0,
				151912448.0,
				194428928.0,
				198918144.0,
				232472576.0,
				208191488.0,
				316358656.0,
				327892992.0,
				382205952.0,
				194428928.0,
				218841088.0,
				218841088.0,
				345423872.0,
				166035456.0,
				197574656.0,
				263012352.0,
				215695360.0,
				390545408.0,
				241745920.0,
				186302464.0,
				318226432.0,
				235618304.0,
				119947264.0,
				168509440.0,
				204128256.0,
				239812608.0,
				268877824.0,
				180076544.0,
				269172736.0,
				211206144.0,
				165330944.0,
				278577152.0,
				713736192.0,
				316358656.0,
				115752960.0,
				235618304.0,
				422363136.0,
				273334272.0,
				333135872.0,
				275300352.0,
				165363712.0,
				244760576.0,
				349913088.0,
				215695360.0,
				364306432.0,
				214614016.0,
				386613248.0,
				215695360.0,
				336281600.0,
				299581440.0,
				152453120.0,
				278287360.0,
				235618304.0,
				168148992.0,
				198918144.0,
				299581440.0,
				165068800.0,
				152748032.0,
				278577152.0,
				265732096.0,
				201768960.0,
				326269568.0,
				149307392.0,
				168509440.0,
				215695360.0,
				155893760.0,
				249249792.0,
				269172736.0,
				224083968.0,
				403390464.0,
				299581440.0,
				269172736.0,
				215695360.0,
				199639040.0,
				266027008.0,
				233193472.0,
				177913856.0,
				411877376.0,
				186302464.0,
			),
		)
	)
)